g++ -g -I/opt/xilinx/Xilinx_Vivado_vitis_2019.2/Vivado/2019.2/include -DHLS_NO_XIL_FPO_LIB -std=c++11  -o AHC_test AHC_test.cpp AHC_low.cpp
g++ -g -I/opt/xilinx/Xilinx_Vivado_vitis_2019.2/Vivado/2019.2/include -DHLS_NO_XIL_FPO_LIB -std=c++11  -o AHC_test AHC_test.cpp AHC_low.cpp
./AHC_test
ZEROdotZero IS ZED
/home/nb498/ece6775/final_project/fixed_pt_data/DI_MIMO_J_Conv_11_29_16_2_0.txt
0 266 4727 10 63989 62421 1356 1261 1254 585 64456 65482 63810 65183 64537 482 0 1253 65523 64267 4916 3404 65127 1001 65519 62803 237 447 1454 64942 63726 1868 55626 266 4727 10 63989 62421 1356 1261 1254 585 64456 65482 63810 65183 64537 482 0 1253 65523 64267 4916 3404 65127 1001 65519 62803 237 447 1454 64942 63726 1868 0 
266 0 65439 712 64953 64946 1427 63168 64033 609 65203 65414 64407 64889 65241 64187 64283 0 345 64900 2173 1321 966 64733 1976 65024 64703 64973 2191 62535 64006 63060 266 58667 65439 712 64953 64946 1427 63168 64033 609 65203 65414 64407 64889 65241 64187 64283 0 345 64900 2173 1321 966 64733 1976 65024 64703 64973 2191 62535 64006 63060 0 
4727 65439 0 2269 63586 2709 2259 1463 63137 60733 565 69 65038 362 65469 63513 13 65191 0 64567 58688 1243 231 144 1713 64756 770 63546 65003 63073 65169 65039 4727 65439 50411 2269 63586 2709 2259 1463 63137 60733 565 69 65038 362 65469 63513 13 65191 0 64567 58688 1243 231 144 1713 64756 770 63546 65003 63073 65169 65039 0 
10 712 2269 0 65291 61805 61299 61726 63394 62250 63543 823 1266 2944 63382 64266 1269 636 969 0 64732 3 65518 61822 64143 64444 2109 963 64082 62526 63340 63945 10 712 2269 52076 65291 61805 61299 61726 63394 62250 63543 823 1266 2944 63382 64266 1269 636 969 0 64732 3 65518 61822 64143 64444 2109 963 64082 62526 63340 63945 0 
63989 64953 63586 65291 0 376 2450 64657 64226 940 63144 625 62072 36 540 64672 60620 63363 6848 804 0 65254 65223 64132 4538 1937 65368 63915 63938 63218 65142 695 63989 64953 63586 65291 52141 376 2450 64657 64226 940 63144 625 62072 36 540 64672 60620 63363 6848 804 0 65254 65223 64132 4538 1937 65368 63915 63938 63218 65142 695 0 
62421 64946 2709 61805 376 0 476 60498 61201 2582 63900 787 729 3502 306 64853 62132 64215 64293 65533 282 0 877 2529 61659 554 794 63692 64698 61818 63391 65075 62421 64946 2709 61805 376 49153 476 60498 61201 2582 63900 787 729 3502 306 64853 62132 64215 64293 65533 282 0 877 2529 61659 554 794 63692 64698 61818 63391 65075 0 
1356 1427 2259 61299 2450 476 0 1591 64769 2219 64957 402 63590 1495 64883 2309 409 64570 65305 18 313 64659 0 63253 63020 546 1347 1722 64163 2509 869 65471 1356 1427 2259 61299 2450 476 55988 1591 64769 2219 64957 402 63590 1495 64883 2309 409 64570 65305 18 313 64659 0 63253 63020 546 1347 1722 64163 2509 869 65471 0 
1261 63168 1463 61726 64657 60498 1591 0 61575 65082 611 127 2439 972 65015 63720 64535 803 65392 3714 1404 63007 2283 0 63575 64663 2549 64100 62378 61038 63381 62746 1261 63168 1463 61726 64657 60498 1591 51631 61575 65082 611 127 2439 972 65015 63720 64535 803 65392 3714 1404 63007 2283 0 63575 64663 2549 64100 62378 61038 63381 62746 0 
1254 64033 63137 63394 64226 61201 64769 61575 0 63641 1395 63432 64280 1383 63438 416 17 63560 63823 1393 60998 3877 2516 1961 0 61680 65374 65097 62969 62417 62935 1816 1254 64033 63137 63394 64226 61201 64769 61575 51674 63641 1395 63432 64280 1383 63438 416 17 63560 63823 1393 60998 3877 2516 1961 0 61680 65374 65097 62969 62417 62935 1816 0 
585 609 60733 62250 940 2582 2219 65082 63641 0 2952 63492 96 64964 63692 485 2733 512 780 1092 63599 64982 64990 873 3856 0 1186 1968 912 64241 64164 3013 585 609 60733 62250 940 2582 2219 65082 63641 50928 2952 63492 96 64964 63692 485 2733 512 780 1092 63599 64982 64990 873 3856 0 1186 1968 912 64241 64164 3013 0 
64456 65203 565 63543 63144 63900 64957 611 1395 2952 0 1386 136 1153 65121 95 65299 833 64766 63427 168 64742 64189 62987 162 64350 0 63868 1014 65367 1079 276 64456 65203 565 63543 63144 63900 64957 611 1395 2952 58211 1386 136 1153 65121 95 65299 833 64766 63427 168 64742 64189 62987 162 64350 0 63868 1014 65367 1079 276 0 
65482 65414 69 823 625 787 402 127 63432 63492 1386 0 64760 62852 1744 683 65089 563 1990 64573 1621 1844 63814 1436 439 63568 1668 0 103 65154 63484 2299 65482 65414 69 823 625 787 402 127 63432 63492 1386 59626 64760 62852 1744 683 65089 563 1990 64573 1621 1844 63814 1436 439 63568 1668 0 103 65154 63484 2299 0 
63810 64407 65038 1266 62072 729 63590 2439 64280 96 136 64760 0 64864 65192 61792 64082 63345 533 1454 1598 838 1373 3158 2567 64624 64522 65433 0 62592 64337 65412 63810 64407 65038 1266 62072 729 63590 2439 64280 96 136 64760 53980 64864 65192 61792 64082 63345 533 1454 1598 838 1373 3158 2567 64624 64522 65433 0 62592 64337 65412 0 
65183 64889 362 2944 36 3502 1495 972 1383 64964 1153 62852 64864 0 64321 63308 594 3001 2463 3010 2318 3718 63027 4498 3119 1295 169 382 2944 0 588 2774 65183 64889 362 2944 36 3502 1495 972 1383 64964 1153 62852 64864 56528 64321 63308 594 3001 2463 3010 2318 3718 63027 4498 3119 1295 169 382 2944 0 588 2774 0 
64537 65241 65469 63382 540 306 64883 65015 63438 63692 65121 1744 65192 64321 0 63631 1810 1530 367 2196 394 2145 64667 2155 2601 1372 64457 2052 1199 64948 0 1710 64537 65241 65469 63382 540 306 64883 65015 63438 63692 65121 1744 65192 64321 57475 63631 1810 1530 367 2196 394 2145 64667 2155 2601 1372 64457 2052 1199 64948 0 1710 0 
482 64187 63513 64266 64672 64853 2309 63720 416 485 95 683 61792 63308 63631 0 63668 2476 497 1591 64841 461 65 2790 63720 62523 65260 63237 124 62762 63826 0 482 64187 63513 64266 64672 64853 2309 63720 416 485 95 683 61792 63308 63631 54353 63668 2476 497 1591 64841 461 65 2790 63720 62523 65260 63237 124 62762 63826 0 0 
0 64283 13 1269 60620 62132 409 64535 17 2733 65299 65089 64082 594 1810 63668 0 266 4727 10 63989 62421 1356 1261 1254 585 64456 65482 63810 65183 64537 482 0 64283 13 1269 60620 62132 409 64535 17 2733 65299 65089 64082 594 1810 63668 55626 266 4727 10 63989 62421 1356 1261 1254 585 64456 65482 63810 65183 64537 482 0 
1253 0 65191 636 63363 64215 64570 803 63560 512 833 563 63345 3001 1530 2476 266 0 65439 712 64953 64946 1427 63168 64033 609 65203 65414 64407 64889 65241 64187 1253 0 65191 636 63363 64215 64570 803 63560 512 833 563 63345 3001 1530 2476 266 58667 65439 712 64953 64946 1427 63168 64033 609 65203 65414 64407 64889 65241 64187 0 
65523 345 0 969 6848 64293 65305 65392 63823 780 64766 1990 533 2463 367 497 4727 65439 0 2269 63586 2709 2259 1463 63137 60733 565 69 65038 362 65469 63513 65523 345 0 969 6848 64293 65305 65392 63823 780 64766 1990 533 2463 367 497 4727 65439 50411 2269 63586 2709 2259 1463 63137 60733 565 69 65038 362 65469 63513 0 
64267 64900 64567 0 804 65533 18 3714 1393 1092 63427 64573 1454 3010 2196 1591 10 712 2269 0 65291 61805 61299 61726 63394 62250 63543 823 1266 2944 63382 64266 64267 64900 64567 0 804 65533 18 3714 1393 1092 63427 64573 1454 3010 2196 1591 10 712 2269 52076 65291 61805 61299 61726 63394 62250 63543 823 1266 2944 63382 64266 0 
4916 2173 58688 64732 0 282 313 1404 60998 63599 168 1621 1598 2318 394 64841 63989 64953 63586 65291 0 376 2450 64657 64226 940 63144 625 62072 36 540 64672 4916 2173 58688 64732 0 282 313 1404 60998 63599 168 1621 1598 2318 394 64841 63989 64953 63586 65291 52141 376 2450 64657 64226 940 63144 625 62072 36 540 64672 0 
3404 1321 1243 3 65254 0 64659 63007 3877 64982 64742 1844 838 3718 2145 461 62421 64946 2709 61805 376 0 476 60498 61201 2582 63900 787 729 3502 306 64853 3404 1321 1243 3 65254 0 64659 63007 3877 64982 64742 1844 838 3718 2145 461 62421 64946 2709 61805 376 49152 476 60498 61201 2582 63900 787 729 3502 306 64853 0 
65127 966 231 65518 65223 877 0 2283 2516 64990 64189 63814 1373 63027 64667 65 1356 1427 2259 61299 2450 476 0 1591 64769 2219 64957 402 63590 1495 64883 2309 65127 966 231 65518 65223 877 0 2283 2516 64990 64189 63814 1373 63027 64667 65 1356 1427 2259 61299 2450 476 55988 1591 64769 2219 64957 402 63590 1495 64883 2309 0 
1001 64733 144 61822 64132 2529 63253 0 1961 873 62987 1436 3158 4498 2155 2790 1261 63168 1463 61726 64657 60498 1591 0 61575 65082 611 127 2439 972 65015 63720 1001 64733 144 61822 64132 2529 63253 0 1961 873 62987 1436 3158 4498 2155 2790 1261 63168 1463 61726 64657 60498 1591 51631 61575 65082 611 127 2439 972 65015 63720 0 
65519 1976 1713 64143 4538 61659 63020 63575 0 3856 162 439 2567 3119 2601 63720 1254 64033 63137 63394 64226 61201 64769 61575 0 63641 1395 63432 64280 1383 63438 416 65519 1976 1713 64143 4538 61659 63020 63575 0 3856 162 439 2567 3119 2601 63720 1254 64033 63137 63394 64226 61201 64769 61575 51674 63641 1395 63432 64280 1383 63438 416 0 
62803 65024 64756 64444 1937 554 546 64663 61680 0 64350 63568 64624 1295 1372 62523 585 609 60733 62250 940 2582 2219 65082 63641 0 2952 63492 96 64964 63692 485 62803 65024 64756 64444 1937 554 546 64663 61680 0 64350 63568 64624 1295 1372 62523 585 609 60733 62250 940 2582 2219 65082 63641 50928 2952 63492 96 64964 63692 485 0 
237 64703 770 2109 65368 794 1347 2549 65374 1186 0 1668 64522 169 64457 65260 64456 65203 565 63543 63144 63900 64957 611 1395 2952 0 1386 136 1153 65121 95 237 64703 770 2109 65368 794 1347 2549 65374 1186 0 1668 64522 169 64457 65260 64456 65203 565 63543 63144 63900 64957 611 1395 2952 58211 1386 136 1153 65121 95 0 
447 64973 63546 963 63915 63692 1722 64100 65097 1968 63868 0 65433 382 2052 63237 65482 65414 69 823 625 787 402 127 63432 63492 1386 0 64760 62852 1744 683 447 64973 63546 963 63915 63692 1722 64100 65097 1968 63868 0 65433 382 2052 63237 65482 65414 69 823 625 787 402 127 63432 63492 1386 59626 64760 62852 1744 683 0 
1454 2191 65003 64082 63938 64698 64163 62378 62969 912 1014 103 0 2944 1199 124 63810 64407 65038 1266 62072 729 63590 2439 64280 96 136 64760 0 64864 65192 61792 1454 2191 65003 64082 63938 64698 64163 62378 62969 912 1014 103 0 2944 1199 124 63810 64407 65038 1266 62072 729 63590 2439 64280 96 136 64760 53980 64864 65192 61792 0 
64942 62535 63073 62526 63218 61818 2509 61038 62417 64241 65367 65154 62592 0 64948 62762 65183 64889 362 2944 36 3502 1495 972 1383 64964 1153 62852 64864 0 64321 63308 64942 62535 63073 62526 63218 61818 2509 61038 62417 64241 65367 65154 62592 0 64948 62762 65183 64889 362 2944 36 3502 1495 972 1383 64964 1153 62852 64864 56528 64321 63308 0 
63726 64006 65169 63340 65142 63391 869 63381 62935 64164 1079 63484 64337 588 0 63826 64537 65241 65469 63382 540 306 64883 65015 63438 63692 65121 1744 65192 64321 0 63631 63726 64006 65169 63340 65142 63391 869 63381 62935 64164 1079 63484 64337 588 0 63826 64537 65241 65469 63382 540 306 64883 65015 63438 63692 65121 1744 65192 64321 57475 63631 0 
1868 63060 65039 63945 695 65075 65471 62746 1816 3013 276 2299 65412 2774 1710 0 482 64187 63513 64266 64672 64853 2309 63720 416 485 95 683 61792 63308 63631 0 1868 63060 65039 63945 695 65075 65471 62746 1816 3013 276 2299 65412 2774 1710 0 482 64187 63513 64266 64672 64853 2309 63720 416 485 95 683 61792 63308 63631 54353 0 
55626 266 4727 10 63989 62421 1356 1261 1254 585 64456 65482 63810 65183 64537 482 0 1253 65523 64267 4916 3404 65127 1001 65519 62803 237 447 1454 64942 63726 1868 0 266 4727 10 63989 62421 1356 1261 1254 585 64456 65482 63810 65183 64537 482 0 1253 65523 64267 4916 3404 65127 1001 65519 62803 237 447 1454 64942 63726 1868 0 
266 58667 65439 712 64953 64946 1427 63168 64033 609 65203 65414 64407 64889 65241 64187 64283 0 345 64900 2173 1321 966 64733 1976 65024 64703 64973 2191 62535 64006 63060 266 0 65439 712 64953 64946 1427 63168 64033 609 65203 65414 64407 64889 65241 64187 64283 0 345 64900 2173 1321 966 64733 1976 65024 64703 64973 2191 62535 64006 63060 0 
4727 65439 50411 2269 63586 2709 2259 1463 63137 60733 565 69 65038 362 65469 63513 13 65191 0 64567 58688 1243 231 144 1713 64756 770 63546 65003 63073 65169 65039 4727 65439 0 2269 63586 2709 2259 1463 63137 60733 565 69 65038 362 65469 63513 13 65191 0 64567 58688 1243 231 144 1713 64756 770 63546 65003 63073 65169 65039 0 
10 712 2269 52076 65291 61805 61299 61726 63394 62250 63543 823 1266 2944 63382 64266 1269 636 969 0 64732 3 65518 61822 64143 64444 2109 963 64082 62526 63340 63945 10 712 2269 0 65291 61805 61299 61726 63394 62250 63543 823 1266 2944 63382 64266 1269 636 969 0 64732 3 65518 61822 64143 64444 2109 963 64082 62526 63340 63945 0 
63989 64953 63586 65291 52141 376 2450 64657 64226 940 63144 625 62072 36 540 64672 60620 63363 6848 804 0 65254 65223 64132 4538 1937 65368 63915 63938 63218 65142 695 63989 64953 63586 65291 0 376 2450 64657 64226 940 63144 625 62072 36 540 64672 60620 63363 6848 804 0 65254 65223 64132 4538 1937 65368 63915 63938 63218 65142 695 0 
62421 64946 2709 61805 376 49153 476 60498 61201 2582 63900 787 729 3502 306 64853 62132 64215 64293 65533 282 0 877 2529 61659 554 794 63692 64698 61818 63391 65075 62421 64946 2709 61805 376 0 476 60498 61201 2582 63900 787 729 3502 306 64853 62132 64215 64293 65533 282 0 877 2529 61659 554 794 63692 64698 61818 63391 65075 0 
1356 1427 2259 61299 2450 476 55988 1591 64769 2219 64957 402 63590 1495 64883 2309 409 64570 65305 18 313 64659 0 63253 63020 546 1347 1722 64163 2509 869 65471 1356 1427 2259 61299 2450 476 0 1591 64769 2219 64957 402 63590 1495 64883 2309 409 64570 65305 18 313 64659 0 63253 63020 546 1347 1722 64163 2509 869 65471 0 
1261 63168 1463 61726 64657 60498 1591 51631 61575 65082 611 127 2439 972 65015 63720 64535 803 65392 3714 1404 63007 2283 0 63575 64663 2549 64100 62378 61038 63381 62746 1261 63168 1463 61726 64657 60498 1591 0 61575 65082 611 127 2439 972 65015 63720 64535 803 65392 3714 1404 63007 2283 0 63575 64663 2549 64100 62378 61038 63381 62746 0 
1254 64033 63137 63394 64226 61201 64769 61575 51674 63641 1395 63432 64280 1383 63438 416 17 63560 63823 1393 60998 3877 2516 1961 0 61680 65374 65097 62969 62417 62935 1816 1254 64033 63137 63394 64226 61201 64769 61575 0 63641 1395 63432 64280 1383 63438 416 17 63560 63823 1393 60998 3877 2516 1961 0 61680 65374 65097 62969 62417 62935 1816 0 
585 609 60733 62250 940 2582 2219 65082 63641 50928 2952 63492 96 64964 63692 485 2733 512 780 1092 63599 64982 64990 873 3856 0 1186 1968 912 64241 64164 3013 585 609 60733 62250 940 2582 2219 65082 63641 0 2952 63492 96 64964 63692 485 2733 512 780 1092 63599 64982 64990 873 3856 0 1186 1968 912 64241 64164 3013 0 
64456 65203 565 63543 63144 63900 64957 611 1395 2952 58211 1386 136 1153 65121 95 65299 833 64766 63427 168 64742 64189 62987 162 64350 0 63868 1014 65367 1079 276 64456 65203 565 63543 63144 63900 64957 611 1395 2952 0 1386 136 1153 65121 95 65299 833 64766 63427 168 64742 64189 62987 162 64350 0 63868 1014 65367 1079 276 0 
65482 65414 69 823 625 787 402 127 63432 63492 1386 59626 64760 62852 1744 683 65089 563 1990 64573 1621 1844 63814 1436 439 63568 1668 0 103 65154 63484 2299 65482 65414 69 823 625 787 402 127 63432 63492 1386 0 64760 62852 1744 683 65089 563 1990 64573 1621 1844 63814 1436 439 63568 1668 0 103 65154 63484 2299 0 
63810 64407 65038 1266 62072 729 63590 2439 64280 96 136 64760 53980 64864 65192 61792 64082 63345 533 1454 1598 838 1373 3158 2567 64624 64522 65433 0 62592 64337 65412 63810 64407 65038 1266 62072 729 63590 2439 64280 96 136 64760 0 64864 65192 61792 64082 63345 533 1454 1598 838 1373 3158 2567 64624 64522 65433 0 62592 64337 65412 0 
65183 64889 362 2944 36 3502 1495 972 1383 64964 1153 62852 64864 56528 64321 63308 594 3001 2463 3010 2318 3718 63027 4498 3119 1295 169 382 2944 0 588 2774 65183 64889 362 2944 36 3502 1495 972 1383 64964 1153 62852 64864 0 64321 63308 594 3001 2463 3010 2318 3718 63027 4498 3119 1295 169 382 2944 0 588 2774 0 
64537 65241 65469 63382 540 306 64883 65015 63438 63692 65121 1744 65192 64321 57475 63631 1810 1530 367 2196 394 2145 64667 2155 2601 1372 64457 2052 1199 64948 0 1710 64537 65241 65469 63382 540 306 64883 65015 63438 63692 65121 1744 65192 64321 0 63631 1810 1530 367 2196 394 2145 64667 2155 2601 1372 64457 2052 1199 64948 0 1710 0 
482 64187 63513 64266 64672 64853 2309 63720 416 485 95 683 61792 63308 63631 54353 63668 2476 497 1591 64841 461 65 2790 63720 62523 65260 63237 124 62762 63826 0 482 64187 63513 64266 64672 64853 2309 63720 416 485 95 683 61792 63308 63631 0 63668 2476 497 1591 64841 461 65 2790 63720 62523 65260 63237 124 62762 63826 0 0 
0 64283 13 1269 60620 62132 409 64535 17 2733 65299 65089 64082 594 1810 63668 55626 266 4727 10 63989 62421 1356 1261 1254 585 64456 65482 63810 65183 64537 482 0 64283 13 1269 60620 62132 409 64535 17 2733 65299 65089 64082 594 1810 63668 0 266 4727 10 63989 62421 1356 1261 1254 585 64456 65482 63810 65183 64537 482 0 
1253 0 65191 636 63363 64215 64570 803 63560 512 833 563 63345 3001 1530 2476 266 58667 65439 712 64953 64946 1427 63168 64033 609 65203 65414 64407 64889 65241 64187 1253 0 65191 636 63363 64215 64570 803 63560 512 833 563 63345 3001 1530 2476 266 0 65439 712 64953 64946 1427 63168 64033 609 65203 65414 64407 64889 65241 64187 0 
65523 345 0 969 6848 64293 65305 65392 63823 780 64766 1990 533 2463 367 497 4727 65439 50411 2269 63586 2709 2259 1463 63137 60733 565 69 65038 362 65469 63513 65523 345 0 969 6848 64293 65305 65392 63823 780 64766 1990 533 2463 367 497 4727 65439 0 2269 63586 2709 2259 1463 63137 60733 565 69 65038 362 65469 63513 0 
64267 64900 64567 0 804 65533 18 3714 1393 1092 63427 64573 1454 3010 2196 1591 10 712 2269 52076 65291 61805 61299 61726 63394 62250 63543 823 1266 2944 63382 64266 64267 64900 64567 0 804 65533 18 3714 1393 1092 63427 64573 1454 3010 2196 1591 10 712 2269 0 65291 61805 61299 61726 63394 62250 63543 823 1266 2944 63382 64266 0 
4916 2173 58688 64732 0 282 313 1404 60998 63599 168 1621 1598 2318 394 64841 63989 64953 63586 65291 52141 376 2450 64657 64226 940 63144 625 62072 36 540 64672 4916 2173 58688 64732 0 282 313 1404 60998 63599 168 1621 1598 2318 394 64841 63989 64953 63586 65291 0 376 2450 64657 64226 940 63144 625 62072 36 540 64672 0 
3404 1321 1243 3 65254 0 64659 63007 3877 64982 64742 1844 838 3718 2145 461 62421 64946 2709 61805 376 49152 476 60498 61201 2582 63900 787 729 3502 306 64853 3404 1321 1243 3 65254 0 64659 63007 3877 64982 64742 1844 838 3718 2145 461 62421 64946 2709 61805 376 0 476 60498 61201 2582 63900 787 729 3502 306 64853 0 
65127 966 231 65518 65223 877 0 2283 2516 64990 64189 63814 1373 63027 64667 65 1356 1427 2259 61299 2450 476 55988 1591 64769 2219 64957 402 63590 1495 64883 2309 65127 966 231 65518 65223 877 0 2283 2516 64990 64189 63814 1373 63027 64667 65 1356 1427 2259 61299 2450 476 0 1591 64769 2219 64957 402 63590 1495 64883 2309 0 
1001 64733 144 61822 64132 2529 63253 0 1961 873 62987 1436 3158 4498 2155 2790 1261 63168 1463 61726 64657 60498 1591 51631 61575 65082 611 127 2439 972 65015 63720 1001 64733 144 61822 64132 2529 63253 0 1961 873 62987 1436 3158 4498 2155 2790 1261 63168 1463 61726 64657 60498 1591 0 61575 65082 611 127 2439 972 65015 63720 0 
65519 1976 1713 64143 4538 61659 63020 63575 0 3856 162 439 2567 3119 2601 63720 1254 64033 63137 63394 64226 61201 64769 61575 51674 63641 1395 63432 64280 1383 63438 416 65519 1976 1713 64143 4538 61659 63020 63575 0 3856 162 439 2567 3119 2601 63720 1254 64033 63137 63394 64226 61201 64769 61575 0 63641 1395 63432 64280 1383 63438 416 0 
62803 65024 64756 64444 1937 554 546 64663 61680 0 64350 63568 64624 1295 1372 62523 585 609 60733 62250 940 2582 2219 65082 63641 50928 2952 63492 96 64964 63692 485 62803 65024 64756 64444 1937 554 546 64663 61680 0 64350 63568 64624 1295 1372 62523 585 609 60733 62250 940 2582 2219 65082 63641 0 2952 63492 96 64964 63692 485 0 
237 64703 770 2109 65368 794 1347 2549 65374 1186 0 1668 64522 169 64457 65260 64456 65203 565 63543 63144 63900 64957 611 1395 2952 58211 1386 136 1153 65121 95 237 64703 770 2109 65368 794 1347 2549 65374 1186 0 1668 64522 169 64457 65260 64456 65203 565 63543 63144 63900 64957 611 1395 2952 0 1386 136 1153 65121 95 0 
447 64973 63546 963 63915 63692 1722 64100 65097 1968 63868 0 65433 382 2052 63237 65482 65414 69 823 625 787 402 127 63432 63492 1386 59626 64760 62852 1744 683 447 64973 63546 963 63915 63692 1722 64100 65097 1968 63868 0 65433 382 2052 63237 65482 65414 69 823 625 787 402 127 63432 63492 1386 0 64760 62852 1744 683 0 
1454 2191 65003 64082 63938 64698 64163 62378 62969 912 1014 103 0 2944 1199 124 63810 64407 65038 1266 62072 729 63590 2439 64280 96 136 64760 53980 64864 65192 61792 1454 2191 65003 64082 63938 64698 64163 62378 62969 912 1014 103 0 2944 1199 124 63810 64407 65038 1266 62072 729 63590 2439 64280 96 136 64760 0 64864 65192 61792 0 
64942 62535 63073 62526 63218 61818 2509 61038 62417 64241 65367 65154 62592 0 64948 62762 65183 64889 362 2944 36 3502 1495 972 1383 64964 1153 62852 64864 56528 64321 63308 64942 62535 63073 62526 63218 61818 2509 61038 62417 64241 65367 65154 62592 0 64948 62762 65183 64889 362 2944 36 3502 1495 972 1383 64964 1153 62852 64864 0 64321 63308 0 
63726 64006 65169 63340 65142 63391 869 63381 62935 64164 1079 63484 64337 588 0 63826 64537 65241 65469 63382 540 306 64883 65015 63438 63692 65121 1744 65192 64321 57475 63631 63726 64006 65169 63340 65142 63391 869 63381 62935 64164 1079 63484 64337 588 0 63826 64537 65241 65469 63382 540 306 64883 65015 63438 63692 65121 1744 65192 64321 0 63631 0 
1868 63060 65039 63945 695 65075 65471 62746 1816 3013 276 2299 65412 2774 1710 0 482 64187 63513 64266 64672 64853 2309 63720 416 485 95 683 61792 63308 63631 54353 1868 63060 65039 63945 695 65075 65471 62746 1816 3013 276 2299 65412 2774 1710 0 482 64187 63513 64266 64672 64853 2309 63720 416 485 95 683 61792 63308 63631 0 0 
0 0 0 0 0 0 0 0 0 0 0 0 0 0 0 0 0 0 0 0 0 0 0 0 0 0 0 0 0 0 0 0 0 0 0 0 0 0 0 0 0 0 0 0 0 0 0 0 0 0 0 0 0 0 0 0 0 0 0 0 0 0 0 0 0 
BEST ENERGY-21.0361
0
0
0
-1
1
1
-1
0
-1
0
-1
-1
-1
1
0
-1
0
0
0
0
-1
-1
0
-1
-1
0
-1
-1
-1
0
-1
0
-1
-1
-1
-1
0
0
0
-1
-1
-1
0
-1
1
-1
0
-1
0
0
1
-1
-1
0
-1
0
-1
-1
0
-1
0
0
-1
0
1
/home/nb498/ece6775/final_project/fixed_pt_data/DI_MIMO_J_Conv_11_29_16_2_1.txt
0 201 2422 475 462 65427 62996 2141 64881 1272 342 1463 1630 548 64956 64404 0 64849 25 1980 157 1371 546 65381 63349 64906 771 954 842 188 152 65319 60352 201 2422 475 462 65427 62996 2141 64881 1272 342 1463 1630 548 64956 64404 0 64849 25 1980 157 1371 546 65381 63349 64906 771 954 842 188 152 65319 0 
201 0 511 1633 64163 2906 64066 64874 789 64645 65180 2025 424 65139 785 604 687 0 3817 64883 64667 63841 63826 3308 65036 65527 65039 60220 11 253 1019 64735 201 55016 511 1633 64163 2906 64066 64874 789 64645 65180 2025 424 65139 785 604 687 0 3817 64883 64667 63841 63826 3308 65036 65527 65039 60220 11 253 1019 64735 0 
2422 511 0 773 3315 64295 2725 62650 65137 64749 811 2849 65292 508 63220 816 65511 61719 0 63634 64505 624 1209 543 1366 62862 64394 2708 1654 65514 46 734 2422 511 54497 773 3315 64295 2725 62650 65137 64749 811 2849 65292 508 63220 816 65511 61719 0 63634 64505 624 1209 543 1366 62862 64394 2708 1654 65514 46 734 0 
475 1633 773 0 65001 63136 64552 63152 2336 63884 63562 64384 65469 939 755 64783 63556 653 1902 0 65025 879 64017 1978 64768 64081 64154 346 1180 64161 273 64501 475 1633 773 56388 65001 63136 64552 63152 2336 63884 63562 64384 65469 939 755 64783 63556 653 1902 0 65025 879 64017 1978 64768 64081 64154 346 1180 64161 273 64501 0 
462 64163 3315 65001 0 2082 1079 828 65343 64604 1000 65483 63313 64780 4152 1476 65379 869 1031 511 0 2610 64814 1287 65535 4069 1862 60663 64776 64504 1894 61566 462 64163 3315 65001 56257 2082 1079 828 65343 64604 1000 65483 63313 64780 4152 1476 65379 869 1031 511 0 2610 64814 1287 65535 4069 1862 60663 64776 64504 1894 61566 0 
65427 2906 64295 63136 2082 0 1134 65220 769 65395 63614 1363 4724 626 64032 2299 64165 1695 64912 64657 62926 0 1250 1176 317 65447 626 63375 64469 64616 157 1743 65427 2906 64295 63136 2082 53541 1134 65220 769 65395 63614 1363 4724 626 64032 2299 64165 1695 64912 64657 62926 0 1250 1176 317 65447 626 63375 64469 64616 157 1743 0 
62996 64066 2725 64552 1079 1134 0 870 597 64550 65081 63363 1114 557 1391 64179 64990 1710 64327 1519 722 64286 0 862 64624 2553 423 1974 64970 2262 2381 1475 62996 64066 2725 64552 1079 1134 54821 870 597 64550 65081 63363 1114 557 1391 64179 64990 1710 64327 1519 722 64286 0 862 64624 2553 423 1974 64970 2262 2381 1475 0 
2141 64874 62650 63152 828 65220 870 0 65437 64157 65370 3131 65048 3372 132 63912 155 62228 64993 63558 64249 64360 64674 0 1217 64542 63826 65414 64395 65160 359 64412 2141 64874 62650 63152 828 65220 870 58347 65437 64157 65370 3131 65048 3372 132 63912 155 62228 64993 63558 64249 64360 64674 0 1217 64542 63826 65414 64395 65160 359 64412 0 
64881 789 65137 2336 65343 769 597 65437 0 65321 1187 1672 63909 2491 1699 64936 2187 500 64170 768 1 65219 912 64319 0 63649 64830 62697 2385 64194 1679 64352 64881 789 65137 2336 65343 769 597 65437 57416 65321 1187 1672 63909 2491 1699 64936 2187 500 64170 768 1 65219 912 64319 0 63649 64830 62697 2385 64194 1679 64352 0 
1272 64645 64749 63884 64604 65395 64550 64157 65321 0 63636 65451 2973 620 63932 335 630 9 2674 1455 61467 89 62983 994 1887 0 2213 63678 64910 64899 2184 65515 1272 64645 64749 63884 64604 65395 64550 64157 65321 51474 63636 65451 2973 620 63932 335 630 9 2674 1455 61467 89 62983 994 1887 0 2213 63678 64910 64899 2184 65515 0 
342 65180 811 63562 1000 63614 65081 65370 1187 63636 0 2312 2615 404 1152 772 64765 497 1142 1382 63674 64910 65113 1710 706 63323 0 64357 601 65183 65364 3065 342 65180 811 63562 1000 63614 65081 65370 1187 63636 60142 2312 2615 404 1152 772 64765 497 1142 1382 63674 64910 65113 1710 706 63323 0 64357 601 65183 65364 3065 0 
1463 2025 2849 64384 65483 1363 63363 3131 1672 65451 2312 0 64239 63358 498 62957 64582 5316 62828 65190 4873 2161 63562 122 2839 1858 1179 0 64775 65077 61560 726 1463 2025 2849 64384 65483 1363 63363 3131 1672 65451 2312 49153 64239 63358 498 62957 64582 5316 62828 65190 4873 2161 63562 122 2839 1858 1179 0 64775 65077 61560 726 0 
1630 424 65292 65469 63313 4724 1114 65048 63909 2973 2615 64239 0 1436 752 63606 64694 65525 63882 64356 760 1067 566 1141 63151 626 64935 761 0 62831 65445 63111 1630 424 65292 65469 63313 4724 1114 65048 63909 2973 2615 64239 53720 1436 752 63606 64694 65525 63882 64356 760 1067 566 1141 63151 626 64935 761 0 62831 65445 63111 0 
548 65139 508 939 64780 626 557 3372 2491 620 404 63358 1436 0 63319 65499 65348 65283 22 1375 1032 920 63274 376 1342 637 353 459 2705 0 33 1003 548 65139 508 939 64780 626 557 3372 2491 620 404 63358 1436 57871 63319 65499 65348 65283 22 1375 1032 920 63274 376 1342 637 353 459 2705 0 33 1003 0 
64956 785 63220 755 4152 64032 1391 132 1699 63932 1152 498 752 63319 0 65505 65384 64517 65490 65263 63642 65379 63155 65177 63857 63352 172 3976 91 65503 0 1096 64956 785 63220 755 4152 64032 1391 132 1699 63932 1152 498 752 63319 57977 65505 65384 64517 65490 65263 63642 65379 63155 65177 63857 63352 172 3976 91 65503 0 1096 0 
64404 604 816 64783 1476 2299 64179 63912 64936 335 772 62957 63606 65499 65505 0 217 801 64802 1035 3970 63793 64061 1124 1184 21 62471 64810 2425 64533 64440 0 64404 604 816 64783 1476 2299 64179 63912 64936 335 772 62957 63606 65499 65505 52805 217 801 64802 1035 3970 63793 64061 1124 1184 21 62471 64810 2425 64533 64440 0 0 
0 687 65511 63556 65379 64165 64990 155 2187 630 64765 64582 64694 65348 65384 217 0 201 2422 475 462 65427 62996 2141 64881 1272 342 1463 1630 548 64956 64404 0 687 65511 63556 65379 64165 64990 155 2187 630 64765 64582 64694 65348 65384 217 60352 201 2422 475 462 65427 62996 2141 64881 1272 342 1463 1630 548 64956 64404 0 
64849 0 61719 653 869 1695 1710 62228 500 9 497 5316 65525 65283 64517 801 201 0 511 1633 64163 2906 64066 64874 789 64645 65180 2025 424 65139 785 604 64849 0 61719 653 869 1695 1710 62228 500 9 497 5316 65525 65283 64517 801 201 55016 511 1633 64163 2906 64066 64874 789 64645 65180 2025 424 65139 785 604 0 
25 3817 0 1902 1031 64912 64327 64993 64170 2674 1142 62828 63882 22 65490 64802 2422 511 0 773 3315 64295 2725 62650 65137 64749 811 2849 65292 508 63220 816 25 3817 0 1902 1031 64912 64327 64993 64170 2674 1142 62828 63882 22 65490 64802 2422 511 54497 773 3315 64295 2725 62650 65137 64749 811 2849 65292 508 63220 816 0 
1980 64883 63634 0 511 64657 1519 63558 768 1455 1382 65190 64356 1375 65263 1035 475 1633 773 0 65001 63136 64552 63152 2336 63884 63562 64384 65469 939 755 64783 1980 64883 63634 0 511 64657 1519 63558 768 1455 1382 65190 64356 1375 65263 1035 475 1633 773 56388 65001 63136 64552 63152 2336 63884 63562 64384 65469 939 755 64783 0 
157 64667 64505 65025 0 62926 722 64249 1 61467 63674 4873 760 1032 63642 3970 462 64163 3315 65001 0 2082 1079 828 65343 64604 1000 65483 63313 64780 4152 1476 157 64667 64505 65025 0 62926 722 64249 1 61467 63674 4873 760 1032 63642 3970 462 64163 3315 65001 56257 2082 1079 828 65343 64604 1000 65483 63313 64780 4152 1476 0 
1371 63841 624 879 2610 0 64286 64360 65219 89 64910 2161 1067 920 65379 63793 65427 2906 64295 63136 2082 0 1134 65220 769 65395 63614 1363 4724 626 64032 2299 1371 63841 624 879 2610 0 64286 64360 65219 89 64910 2161 1067 920 65379 63793 65427 2906 64295 63136 2082 53541 1134 65220 769 65395 63614 1363 4724 626 64032 2299 0 
546 63826 1209 64017 64814 1250 0 64674 912 62983 65113 63562 566 63274 63155 64061 62996 64066 2725 64552 1079 1134 0 870 597 64550 65081 63363 1114 557 1391 64179 546 63826 1209 64017 64814 1250 0 64674 912 62983 65113 63562 566 63274 63155 64061 62996 64066 2725 64552 1079 1134 54821 870 597 64550 65081 63363 1114 557 1391 64179 0 
65381 3308 543 1978 1287 1176 862 0 64319 994 1710 122 1141 376 65177 1124 2141 64874 62650 63152 828 65220 870 0 65437 64157 65370 3131 65048 3372 132 63912 65381 3308 543 1978 1287 1176 862 0 64319 994 1710 122 1141 376 65177 1124 2141 64874 62650 63152 828 65220 870 58347 65437 64157 65370 3131 65048 3372 132 63912 0 
63349 65036 1366 64768 65535 317 64624 1217 0 1887 706 2839 63151 1342 63857 1184 64881 789 65137 2336 65343 769 597 65437 0 65321 1187 1672 63909 2491 1699 64936 63349 65036 1366 64768 65535 317 64624 1217 0 1887 706 2839 63151 1342 63857 1184 64881 789 65137 2336 65343 769 597 65437 57416 65321 1187 1672 63909 2491 1699 64936 0 
64906 65527 62862 64081 4069 65447 2553 64542 63649 0 63323 1858 626 637 63352 21 1272 64645 64749 63884 64604 65395 64550 64157 65321 0 63636 65451 2973 620 63932 335 64906 65527 62862 64081 4069 65447 2553 64542 63649 0 63323 1858 626 637 63352 21 1272 64645 64749 63884 64604 65395 64550 64157 65321 51474 63636 65451 2973 620 63932 335 0 
771 65039 64394 64154 1862 626 423 63826 64830 2213 0 1179 64935 353 172 62471 342 65180 811 63562 1000 63614 65081 65370 1187 63636 0 2312 2615 404 1152 772 771 65039 64394 64154 1862 626 423 63826 64830 2213 0 1179 64935 353 172 62471 342 65180 811 63562 1000 63614 65081 65370 1187 63636 60142 2312 2615 404 1152 772 0 
954 60220 2708 346 60663 63375 1974 65414 62697 63678 64357 0 761 459 3976 64810 1463 2025 2849 64384 65483 1363 63363 3131 1672 65451 2312 0 64239 63358 498 62957 954 60220 2708 346 60663 63375 1974 65414 62697 63678 64357 0 761 459 3976 64810 1463 2025 2849 64384 65483 1363 63363 3131 1672 65451 2312 49152 64239 63358 498 62957 0 
842 11 1654 1180 64776 64469 64970 64395 2385 64910 601 64775 0 2705 91 2425 1630 424 65292 65469 63313 4724 1114 65048 63909 2973 2615 64239 0 1436 752 63606 842 11 1654 1180 64776 64469 64970 64395 2385 64910 601 64775 0 2705 91 2425 1630 424 65292 65469 63313 4724 1114 65048 63909 2973 2615 64239 53720 1436 752 63606 0 
188 253 65514 64161 64504 64616 2262 65160 64194 64899 65183 65077 62831 0 65503 64533 548 65139 508 939 64780 626 557 3372 2491 620 404 63358 1436 0 63319 65499 188 253 65514 64161 64504 64616 2262 65160 64194 64899 65183 65077 62831 0 65503 64533 548 65139 508 939 64780 626 557 3372 2491 620 404 63358 1436 57871 63319 65499 0 
152 1019 46 273 1894 157 2381 359 1679 2184 65364 61560 65445 33 0 64440 64956 785 63220 755 4152 64032 1391 132 1699 63932 1152 498 752 63319 0 65505 152 1019 46 273 1894 157 2381 359 1679 2184 65364 61560 65445 33 0 64440 64956 785 63220 755 4152 64032 1391 132 1699 63932 1152 498 752 63319 57977 65505 0 
65319 64735 734 64501 61566 1743 1475 64412 64352 65515 3065 726 63111 1003 1096 0 64404 604 816 64783 1476 2299 64179 63912 64936 335 772 62957 63606 65499 65505 0 65319 64735 734 64501 61566 1743 1475 64412 64352 65515 3065 726 63111 1003 1096 0 64404 604 816 64783 1476 2299 64179 63912 64936 335 772 62957 63606 65499 65505 52805 0 
60352 201 2422 475 462 65427 62996 2141 64881 1272 342 1463 1630 548 64956 64404 0 64849 25 1980 157 1371 546 65381 63349 64906 771 954 842 188 152 65319 0 201 2422 475 462 65427 62996 2141 64881 1272 342 1463 1630 548 64956 64404 0 64849 25 1980 157 1371 546 65381 63349 64906 771 954 842 188 152 65319 0 
201 55016 511 1633 64163 2906 64066 64874 789 64645 65180 2025 424 65139 785 604 687 0 3817 64883 64667 63841 63826 3308 65036 65527 65039 60220 11 253 1019 64735 201 0 511 1633 64163 2906 64066 64874 789 64645 65180 2025 424 65139 785 604 687 0 3817 64883 64667 63841 63826 3308 65036 65527 65039 60220 11 253 1019 64735 0 
2422 511 54497 773 3315 64295 2725 62650 65137 64749 811 2849 65292 508 63220 816 65511 61719 0 63634 64505 624 1209 543 1366 62862 64394 2708 1654 65514 46 734 2422 511 0 773 3315 64295 2725 62650 65137 64749 811 2849 65292 508 63220 816 65511 61719 0 63634 64505 624 1209 543 1366 62862 64394 2708 1654 65514 46 734 0 
475 1633 773 56388 65001 63136 64552 63152 2336 63884 63562 64384 65469 939 755 64783 63556 653 1902 0 65025 879 64017 1978 64768 64081 64154 346 1180 64161 273 64501 475 1633 773 0 65001 63136 64552 63152 2336 63884 63562 64384 65469 939 755 64783 63556 653 1902 0 65025 879 64017 1978 64768 64081 64154 346 1180 64161 273 64501 0 
462 64163 3315 65001 56257 2082 1079 828 65343 64604 1000 65483 63313 64780 4152 1476 65379 869 1031 511 0 2610 64814 1287 65535 4069 1862 60663 64776 64504 1894 61566 462 64163 3315 65001 0 2082 1079 828 65343 64604 1000 65483 63313 64780 4152 1476 65379 869 1031 511 0 2610 64814 1287 65535 4069 1862 60663 64776 64504 1894 61566 0 
65427 2906 64295 63136 2082 53541 1134 65220 769 65395 63614 1363 4724 626 64032 2299 64165 1695 64912 64657 62926 0 1250 1176 317 65447 626 63375 64469 64616 157 1743 65427 2906 64295 63136 2082 0 1134 65220 769 65395 63614 1363 4724 626 64032 2299 64165 1695 64912 64657 62926 0 1250 1176 317 65447 626 63375 64469 64616 157 1743 0 
62996 64066 2725 64552 1079 1134 54821 870 597 64550 65081 63363 1114 557 1391 64179 64990 1710 64327 1519 722 64286 0 862 64624 2553 423 1974 64970 2262 2381 1475 62996 64066 2725 64552 1079 1134 0 870 597 64550 65081 63363 1114 557 1391 64179 64990 1710 64327 1519 722 64286 0 862 64624 2553 423 1974 64970 2262 2381 1475 0 
2141 64874 62650 63152 828 65220 870 58347 65437 64157 65370 3131 65048 3372 132 63912 155 62228 64993 63558 64249 64360 64674 0 1217 64542 63826 65414 64395 65160 359 64412 2141 64874 62650 63152 828 65220 870 0 65437 64157 65370 3131 65048 3372 132 63912 155 62228 64993 63558 64249 64360 64674 0 1217 64542 63826 65414 64395 65160 359 64412 0 
64881 789 65137 2336 65343 769 597 65437 57416 65321 1187 1672 63909 2491 1699 64936 2187 500 64170 768 1 65219 912 64319 0 63649 64830 62697 2385 64194 1679 64352 64881 789 65137 2336 65343 769 597 65437 0 65321 1187 1672 63909 2491 1699 64936 2187 500 64170 768 1 65219 912 64319 0 63649 64830 62697 2385 64194 1679 64352 0 
1272 64645 64749 63884 64604 65395 64550 64157 65321 51474 63636 65451 2973 620 63932 335 630 9 2674 1455 61467 89 62983 994 1887 0 2213 63678 64910 64899 2184 65515 1272 64645 64749 63884 64604 65395 64550 64157 65321 0 63636 65451 2973 620 63932 335 630 9 2674 1455 61467 89 62983 994 1887 0 2213 63678 64910 64899 2184 65515 0 
342 65180 811 63562 1000 63614 65081 65370 1187 63636 60142 2312 2615 404 1152 772 64765 497 1142 1382 63674 64910 65113 1710 706 63323 0 64357 601 65183 65364 3065 342 65180 811 63562 1000 63614 65081 65370 1187 63636 0 2312 2615 404 1152 772 64765 497 1142 1382 63674 64910 65113 1710 706 63323 0 64357 601 65183 65364 3065 0 
1463 2025 2849 64384 65483 1363 63363 3131 1672 65451 2312 49153 64239 63358 498 62957 64582 5316 62828 65190 4873 2161 63562 122 2839 1858 1179 0 64775 65077 61560 726 1463 2025 2849 64384 65483 1363 63363 3131 1672 65451 2312 0 64239 63358 498 62957 64582 5316 62828 65190 4873 2161 63562 122 2839 1858 1179 0 64775 65077 61560 726 0 
1630 424 65292 65469 63313 4724 1114 65048 63909 2973 2615 64239 53720 1436 752 63606 64694 65525 63882 64356 760 1067 566 1141 63151 626 64935 761 0 62831 65445 63111 1630 424 65292 65469 63313 4724 1114 65048 63909 2973 2615 64239 0 1436 752 63606 64694 65525 63882 64356 760 1067 566 1141 63151 626 64935 761 0 62831 65445 63111 0 
548 65139 508 939 64780 626 557 3372 2491 620 404 63358 1436 57871 63319 65499 65348 65283 22 1375 1032 920 63274 376 1342 637 353 459 2705 0 33 1003 548 65139 508 939 64780 626 557 3372 2491 620 404 63358 1436 0 63319 65499 65348 65283 22 1375 1032 920 63274 376 1342 637 353 459 2705 0 33 1003 0 
64956 785 63220 755 4152 64032 1391 132 1699 63932 1152 498 752 63319 57977 65505 65384 64517 65490 65263 63642 65379 63155 65177 63857 63352 172 3976 91 65503 0 1096 64956 785 63220 755 4152 64032 1391 132 1699 63932 1152 498 752 63319 0 65505 65384 64517 65490 65263 63642 65379 63155 65177 63857 63352 172 3976 91 65503 0 1096 0 
64404 604 816 64783 1476 2299 64179 63912 64936 335 772 62957 63606 65499 65505 52805 217 801 64802 1035 3970 63793 64061 1124 1184 21 62471 64810 2425 64533 64440 0 64404 604 816 64783 1476 2299 64179 63912 64936 335 772 62957 63606 65499 65505 0 217 801 64802 1035 3970 63793 64061 1124 1184 21 62471 64810 2425 64533 64440 0 0 
0 687 65511 63556 65379 64165 64990 155 2187 630 64765 64582 64694 65348 65384 217 60352 201 2422 475 462 65427 62996 2141 64881 1272 342 1463 1630 548 64956 64404 0 687 65511 63556 65379 64165 64990 155 2187 630 64765 64582 64694 65348 65384 217 0 201 2422 475 462 65427 62996 2141 64881 1272 342 1463 1630 548 64956 64404 0 
64849 0 61719 653 869 1695 1710 62228 500 9 497 5316 65525 65283 64517 801 201 55016 511 1633 64163 2906 64066 64874 789 64645 65180 2025 424 65139 785 604 64849 0 61719 653 869 1695 1710 62228 500 9 497 5316 65525 65283 64517 801 201 0 511 1633 64163 2906 64066 64874 789 64645 65180 2025 424 65139 785 604 0 
25 3817 0 1902 1031 64912 64327 64993 64170 2674 1142 62828 63882 22 65490 64802 2422 511 54497 773 3315 64295 2725 62650 65137 64749 811 2849 65292 508 63220 816 25 3817 0 1902 1031 64912 64327 64993 64170 2674 1142 62828 63882 22 65490 64802 2422 511 0 773 3315 64295 2725 62650 65137 64749 811 2849 65292 508 63220 816 0 
1980 64883 63634 0 511 64657 1519 63558 768 1455 1382 65190 64356 1375 65263 1035 475 1633 773 56388 65001 63136 64552 63152 2336 63884 63562 64384 65469 939 755 64783 1980 64883 63634 0 511 64657 1519 63558 768 1455 1382 65190 64356 1375 65263 1035 475 1633 773 0 65001 63136 64552 63152 2336 63884 63562 64384 65469 939 755 64783 0 
157 64667 64505 65025 0 62926 722 64249 1 61467 63674 4873 760 1032 63642 3970 462 64163 3315 65001 56257 2082 1079 828 65343 64604 1000 65483 63313 64780 4152 1476 157 64667 64505 65025 0 62926 722 64249 1 61467 63674 4873 760 1032 63642 3970 462 64163 3315 65001 0 2082 1079 828 65343 64604 1000 65483 63313 64780 4152 1476 0 
1371 63841 624 879 2610 0 64286 64360 65219 89 64910 2161 1067 920 65379 63793 65427 2906 64295 63136 2082 53541 1134 65220 769 65395 63614 1363 4724 626 64032 2299 1371 63841 624 879 2610 0 64286 64360 65219 89 64910 2161 1067 920 65379 63793 65427 2906 64295 63136 2082 0 1134 65220 769 65395 63614 1363 4724 626 64032 2299 0 
