0.000000000000000000e+00 -2.375047406803343364e-01 1.557870912498964255e-01 1.022484824455499874e-01 -1.138093022892698869e-01 7.834996145956966973e-02 1.951336324842661285e-01 2.709000105415554360e-01 -1.186718434085404575e-02 -3.363841913975813835e-02 2.059845244774442113e-02 7.405784171254205239e-02 -1.214539083697201566e-01 -5.049524840296811673e-02 1.559886964449555546e-01 -1.034228261510845431e-01 4.845606228759157728e-18 -1.397869629680084935e-01 -6.774673893105731017e-03 8.707939114608294687e-03 -1.237365505588594768e-02 -1.274304487717051737e-01 -9.791266172429566317e-02 2.821966628100267688e-02 5.666854917291836574e-02 -2.046098809996417175e-02 1.384418040085025059e-01 -8.519743872918736360e-02 1.119884103231674893e-01 1.864835253562660000e-01 -2.176426794430184886e-02 4.934950428894154147e-03 -5.888418078112127585e-01 -2.375047406803343364e-01 1.557870912498964255e-01 1.022484824455499874e-01 -1.138093022892698869e-01 7.834996145956966973e-02 1.951336324842661285e-01 2.709000105415554360e-01 -1.186718434085404575e-02 -3.363841913975813835e-02 2.059845244774442113e-02 7.405784171254205239e-02 -1.214539083697201566e-01 -5.049524840296811673e-02 1.559886964449555546e-01 -1.034228261510845431e-01 4.845606228759157728e-18 -1.397869629680084935e-01 -6.774673893105731017e-03 8.707939114608294687e-03 -1.237365505588594768e-02 -1.274304487717051737e-01 -9.791266172429566317e-02 2.821966628100267688e-02 5.666854917291836574e-02 -2.046098809996417175e-02 1.384418040085025059e-01 -8.519743872918736360e-02 1.119884103231674893e-01 1.864835253562660000e-01 -2.176426794430184886e-02 4.934950428894154147e-03 0.000000000000000000e+00
-2.375047406803343364e-01 0.000000000000000000e+00 -1.425054825906464095e-01 -2.989571823903171819e-04 -5.612333967529443968e-02 2.309438665860409912e-01 1.762684283924102480e-01 1.141941740745053141e-01 -4.524175350064078144e-02 -2.224782439145291391e-01 2.648934252463890776e-02 7.152857530732720237e-02 1.516730348029375619e-01 3.061303515559625835e-02 -4.140914492932847718e-02 -1.715855917561731891e-01 1.397869629680085490e-01 -1.751201373631480206e-17 -2.226404187729143780e-01 -1.830403900482434620e-01 1.896661763861612893e-01 -1.244921962493022172e-01 -3.031539830561117976e-01 -1.766436837615865674e-01 9.493151030803718970e-03 -9.278763685805450911e-02 -1.490105826405052070e-01 -1.910429906617860940e-02 -1.213270645427692168e-01 3.119225486920803592e-01 -8.954690219400560092e-02 -5.019295687646508318e-03 -2.375047406803343364e-01 -6.995262316803719793e-01 -1.425054825906464095e-01 -2.989571823903171819e-04 -5.612333967529443968e-02 2.309438665860409912e-01 1.762684283924102480e-01 1.141941740745053141e-01 -4.524175350064078144e-02 -2.224782439145291391e-01 2.648934252463890776e-02 7.152857530732720237e-02 1.516730348029375619e-01 3.061303515559625835e-02 -4.140914492932847718e-02 -1.715855917561731891e-01 1.397869629680085490e-01 -1.751201373631480206e-17 -2.226404187729143780e-01 -1.830403900482434620e-01 1.896661763861612893e-01 -1.244921962493022172e-01 -3.031539830561117976e-01 -1.766436837615865674e-01 9.493151030803718970e-03 -9.278763685805450911e-02 -1.490105826405052070e-01 -1.910429906617860940e-02 -1.213270645427692168e-01 3.119225486920803592e-01 -8.954690219400560092e-02 -5.019295687646508318e-03 0.000000000000000000e+00
1.557870912498964255e-01 -1.425054825906464095e-01 0.000000000000000000e+00 -3.439493571225618052e-01 2.663486971755702482e-01 -1.134949600719261237e-01 -9.134011982213652292e-02 5.936888954213588587e-02 5.858795462294075912e-02 -2.521231848508663775e-01 9.550234050303191280e-02 3.689993162592186682e-02 1.007992109459982105e-01 1.898764640898431277e-01 4.476916225139356692e-02 -2.647320293203376043e-02 6.774673893105687648e-03 2.226404187729144057e-01 2.904708297749710548e-17 1.891053845173919223e-01 -2.787022921474923212e-02 -3.900320502417296831e-02 7.666247889252102155e-02 -1.779143808553914352e-01 -1.053207683745667339e-01 1.495468839375566072e-01 -2.700075162055298045e-02 2.073618020520909544e-01 -2.372040207318491245e-01 -2.265250715001140558e-01 1.001447795223643633e-01 -1.975505495998830241e-01 1.557870912498964255e-01 -1.425054825906464095e-01 -9.800611630881558289e-01 -3.439493571225618052e-01 2.663486971755702482e-01 -1.134949600719261237e-01 -9.134011982213652292e-02 5.936888954213588587e-02 5.858795462294075912e-02 -2.521231848508663775e-01 9.550234050303191280e-02 3.689993162592186682e-02 1.007992109459982105e-01 1.898764640898431277e-01 4.476916225139356692e-02 -2.647320293203376043e-02 6.774673893105687648e-03 2.226404187729144057e-01 2.904708297749710548e-17 1.891053845173919223e-01 -2.787022921474923212e-02 -3.900320502417296831e-02 7.666247889252102155e-02 -1.779143808553914352e-01 -1.053207683745667339e-01 1.495468839375566072e-01 -2.700075162055298045e-02 2.073618020520909544e-01 -2.372040207318491245e-01 -2.265250715001140558e-01 1.001447795223643633e-01 -1.975505495998830241e-01 0.000000000000000000e+00
1.022484824455499874e-01 -2.989571823903171819e-04 -3.439493571225618052e-01 0.000000000000000000e+00 2.034418029388312954e-02 -1.142572834922079145e-01 -3.379379074631148894e-02 7.437931713511702035e-04 2.628805495147101476e-02 -1.410305198472217025e-01 9.428235352343156475e-03 1.730292408224402487e-02 -1.179480207143899506e-01 6.911096678089831413e-02 1.105794419185590072e-01 -3.401225127249567909e-02 -8.707939114608247849e-03 1.830403900482434620e-01 -1.891053845173919223e-01 1.779865118661967027e-17 3.357215112754095843e-02 -1.730722014513210449e-01 6.867606297465013443e-02 -1.189736674509115355e-01 1.854252665366104211e-02 -4.549258670933953308e-02 -6.984182606357677847e-02 -2.650074502290541978e-02 -2.521004618335504488e-01 -9.702099218657744828e-02 1.186646193849860559e-01 -5.475978576164090839e-02 1.022484824455499874e-01 -2.989571823903171819e-04 -3.439493571225618052e-01 -8.084979272220763624e-01 2.034418029388312954e-02 -1.142572834922079145e-01 -3.379379074631148894e-02 7.437931713511702035e-04 2.628805495147101476e-02 -1.410305198472217025e-01 9.428235352343156475e-03 1.730292408224402487e-02 -1.179480207143899506e-01 6.911096678089831413e-02 1.105794419185590072e-01 -3.401225127249567909e-02 -8.707939114608247849e-03 1.830403900482434620e-01 -1.891053845173919223e-01 1.779865118661967027e-17 3.357215112754095843e-02 -1.730722014513210449e-01 6.867606297465013443e-02 -1.189736674509115355e-01 1.854252665366104211e-02 -4.549258670933953308e-02 -6.984182606357677847e-02 -2.650074502290541978e-02 -2.521004618335504488e-01 -9.702099218657744828e-02 1.186646193849860559e-01 -5.475978576164090839e-02 0.000000000000000000e+00
-1.138093022892698869e-01 -5.612333967529443968e-02 2.663486971755702482e-01 2.034418029388312954e-02 0.000000000000000000e+00 1.106787783058909153e-01 3.417394026652165739e-01 1.519006444016738067e-01 1.648942692509102262e-02 -3.801754065500793228e-02 -1.563639519484319451e-01 -1.402484224268500841e-02 -2.898570033980361199e-02 -2.565251489896374637e-01 3.593575956035596208e-01 -1.771122508126403428e-01 1.237365505588594768e-02 -1.896661763861612893e-01 2.787022921474923559e-02 -3.357215112754097230e-02 -1.791572909449832021e-17 1.840033953543188661e-01 -1.277293985168960200e-01 -2.132365938764643754e-01 1.553399617551448619e-01 -1.387946663868460384e-01 -1.116300047431695655e-02 -1.347295341545323710e-01 1.027912589489389517e-02 3.249374701745131461e-02 -3.893122445492028932e-02 9.605652376928756897e-02 -1.138093022892698869e-01 -5.612333967529443968e-02 2.663486971755702482e-01 2.034418029388312954e-02 -7.681077470297058563e-01 1.106787783058909153e-01 3.417394026652165739e-01 1.519006444016738067e-01 1.648942692509102262e-02 -3.801754065500793228e-02 -1.563639519484319451e-01 -1.402484224268500841e-02 -2.898570033980361199e-02 -2.565251489896374637e-01 3.593575956035596208e-01 -1.771122508126403428e-01 1.237365505588594768e-02 -1.896661763861612893e-01 2.787022921474923559e-02 -3.357215112754097230e-02 -1.791572909449832021e-17 1.840033953543188661e-01 -1.277293985168960200e-01 -2.132365938764643754e-01 1.553399617551448619e-01 -1.387946663868460384e-01 -1.116300047431695655e-02 -1.347295341545323710e-01 1.027912589489389517e-02 3.249374701745131461e-02 -3.893122445492028932e-02 9.605652376928756897e-02 0.000000000000000000e+00
7.834996145956966973e-02 2.309438665860409912e-01 -1.134949600719261237e-01 -1.142572834922079145e-01 1.106787783058909153e-01 0.000000000000000000e+00 -1.241679365172140143e-01 -1.228362211921417979e-01 -3.240442773892850403e-01 4.115686093482385233e-01 2.100978887492722658e-01 -4.547285100034814675e-02 -2.147989925063203132e-01 9.475969024914548955e-02 -9.918624652569317524e-02 -6.428101127767452128e-02 1.274304487717051737e-01 1.244921962493021755e-01 3.900320502417298912e-02 1.730722014513210449e-01 -1.840033953543188661e-01 -8.993928215388140795e-18 7.193725623310601169e-02 -6.544067995286650952e-02 2.168009844311339918e-01 1.708955498172727849e-01 7.949237476793186152e-02 1.621842082850914191e-01 1.539451688877580549e-01 9.855669697968204301e-02 1.407925173238599725e-01 7.603001766856312682e-03 7.834996145956966973e-02 2.309438665860409912e-01 -1.134949600719261237e-01 -1.142572834922079145e-01 1.106787783058909153e-01 -1.000000000000000000e+00 -1.241679365172140143e-01 -1.228362211921417979e-01 -3.240442773892850403e-01 4.115686093482385233e-01 2.100978887492722658e-01 -4.547285100034814675e-02 -2.147989925063203132e-01 9.475969024914548955e-02 -9.918624652569317524e-02 -6.428101127767452128e-02 1.274304487717051737e-01 1.244921962493021755e-01 3.900320502417298912e-02 1.730722014513210449e-01 -1.840033953543188661e-01 -8.993928215388140795e-18 7.193725623310601169e-02 -6.544067995286650952e-02 2.168009844311339918e-01 1.708955498172727849e-01 7.949237476793186152e-02 1.621842082850914191e-01 1.539451688877580549e-01 9.855669697968204301e-02 1.407925173238599725e-01 7.603001766856312682e-03 0.000000000000000000e+00
1.951336324842661285e-01 1.762684283924102480e-01 -9.134011982213652292e-02 -3.379379074631148894e-02 3.417394026652165739e-01 -1.241679365172140143e-01 0.000000000000000000e+00 -6.543310209242506059e-02 1.670107062993252955e-01 1.125971240276825019e-01 1.114821327783463850e-01 -1.902336728540724442e-01 1.300270105893679834e-02 2.413521053269096772e-01 -3.152882491036468893e-01 2.050078139324517656e-01 9.791266172429563541e-02 3.031539830561117976e-01 -7.666247889252104930e-02 -6.867606297465013443e-02 1.277293985168960200e-01 -7.193725623310601169e-02 -1.501302160171214719e-17 -6.638561047421598360e-02 1.274851960445551047e-01 4.241731904624883309e-02 5.375594612645316628e-02 4.965873331406182173e-02 1.680340969311603094e-01 -1.317652055514463572e-01 1.506766184905693196e-01 1.914195414235418669e-02 1.951336324842661285e-01 1.762684283924102480e-01 -9.134011982213652292e-02 -3.379379074631148894e-02 3.417394026652165739e-01 -1.241679365172140143e-01 -9.132678794618550588e-01 -6.543310209242506059e-02 1.670107062993252955e-01 1.125971240276825019e-01 1.114821327783463850e-01 -1.902336728540724442e-01 1.300270105893679834e-02 2.413521053269096772e-01 -3.152882491036468893e-01 2.050078139324517656e-01 9.791266172429563541e-02 3.031539830561117976e-01 -7.666247889252104930e-02 -6.867606297465013443e-02 1.277293985168960200e-01 -7.193725623310601169e-02 -1.501302160171214719e-17 -6.638561047421598360e-02 1.274851960445551047e-01 4.241731904624883309e-02 5.375594612645316628e-02 4.965873331406182173e-02 1.680340969311603094e-01 -1.317652055514463572e-01 1.506766184905693196e-01 1.914195414235418669e-02 0.000000000000000000e+00
2.709000105415554360e-01 1.141941740745053141e-01 5.936888954213588587e-02 7.437931713511702035e-04 1.519006444016738067e-01 -1.228362211921417979e-01 -6.543310209242506059e-02 0.000000000000000000e+00 -3.658029170315828249e-02 1.328031062800758832e-01 9.665908412037829689e-02 8.491053495641821824e-02 -6.583015496214772444e-02 -4.293345870286483131e-03 -2.519543770451177639e-02 2.224854406435039164e-02 -2.821966628100271157e-02 1.766436837615864841e-01 1.779143808553914352e-01 1.189736674509114939e-01 2.132365938764642921e-01 6.544067995286649564e-02 6.638561047421595585e-02 -6.493504143243223822e-17 -5.897885560111716663e-02 -9.873848209365963802e-02 -9.941333905522241332e-02 8.802445858711809012e-02 -5.227580315611790596e-02 1.109069735021401409e-02 -2.354740954871784309e-01 1.730309368609154463e-01 2.709000105415554360e-01 1.141941740745053141e-01 5.936888954213588587e-02 7.437931713511702035e-04 1.519006444016738067e-01 -1.228362211921417979e-01 -6.543310209242506059e-02 -7.876692112198859785e-01 -3.658029170315828249e-02 1.328031062800758832e-01 9.665908412037829689e-02 8.491053495641821824e-02 -6.583015496214772444e-02 -4.293345870286483131e-03 -2.519543770451177639e-02 2.224854406435039164e-02 -2.821966628100271157e-02 1.766436837615864841e-01 1.779143808553914352e-01 1.189736674509114939e-01 2.132365938764642921e-01 6.544067995286649564e-02 6.638561047421595585e-02 -6.493504143243223822e-17 -5.897885560111716663e-02 -9.873848209365963802e-02 -9.941333905522241332e-02 8.802445858711809012e-02 -5.227580315611790596e-02 1.109069735021401409e-02 -2.354740954871784309e-01 1.730309368609154463e-01 0.000000000000000000e+00
-1.186718434085404575e-02 -4.524175350064078144e-02 5.858795462294075912e-02 2.628805495147101476e-02 1.648942692509102262e-02 -3.240442773892850403e-01 1.670107062993252955e-01 -3.658029170315828249e-02 0.000000000000000000e+00 1.880150688704467221e-01 -3.283235058744556328e-03 1.159100219625899819e-01 -1.131231139223749793e-01 -2.082648534736016577e-01 -6.308712854392500846e-02 -1.114294942625912582e-01 -5.666854917291836574e-02 -9.493151030803708562e-03 1.053207683745667755e-01 -1.854252665366104211e-02 -1.553399617551448342e-01 -2.168009844311339640e-01 -1.274851960445550769e-01 5.897885560111718745e-02 1.371344159466595593e-17 7.848129869382691401e-03 -7.733698304464717288e-02 -1.255779682012543585e-01 -8.029612404717208218e-02 2.198003097784757554e-01 8.060520149651388688e-02 1.704925881401513771e-02 -1.186718434085404575e-02 -4.524175350064078144e-02 5.858795462294075912e-02 2.628805495147101476e-02 1.648942692509102262e-02 -3.240442773892850403e-01 1.670107062993252955e-01 -3.658029170315828249e-02 -6.585564842584460399e-01 1.880150688704467221e-01 -3.283235058744556328e-03 1.159100219625899819e-01 -1.131231139223749793e-01 -2.082648534736016577e-01 -6.308712854392500846e-02 -1.114294942625912582e-01 -5.666854917291836574e-02 -9.493151030803708562e-03 1.053207683745667755e-01 -1.854252665366104211e-02 -1.553399617551448342e-01 -2.168009844311339640e-01 -1.274851960445550769e-01 5.897885560111718745e-02 1.371344159466595593e-17 7.848129869382691401e-03 -7.733698304464717288e-02 -1.255779682012543585e-01 -8.029612404717208218e-02 2.198003097784757554e-01 8.060520149651388688e-02 1.704925881401513771e-02 0.000000000000000000e+00
-3.363841913975813835e-02 -2.224782439145291391e-01 -2.521231848508663775e-01 -1.410305198472217025e-01 -3.801754065500793228e-02 4.115686093482385233e-01 1.125971240276825019e-01 1.328031062800758832e-01 1.880150688704467221e-01 0.000000000000000000e+00 -1.788729257600087663e-01 -4.966539678249366242e-03 -4.027871910265200944e-02 -1.778350397843031158e-02 1.263204333810222235e-01 -8.346926849148700311e-03 2.046098809996417522e-02 9.278763685805450911e-02 -1.495468839375566350e-01 4.549258670933954002e-02 1.387946663868460939e-01 -1.708955498172727017e-01 -4.241731904624883309e-02 9.873848209365962414e-02 -7.848129869382694870e-03 -1.178678266555622097e-17 -1.085700431986622305e-01 -1.749197124537625603e-01 -1.876762123202325161e-01 -7.024978631700201648e-02 -1.370409727998448957e-01 -1.309121380185946926e-01 -3.363841913975813835e-02 -2.224782439145291391e-01 -2.521231848508663775e-01 -1.410305198472217025e-01 -3.801754065500793228e-02 4.115686093482385233e-01 1.125971240276825019e-01 1.328031062800758832e-01 1.880150688704467221e-01 -8.059183712494440988e-01 -1.788729257600087663e-01 -4.966539678249366242e-03 -4.027871910265200944e-02 -1.778350397843031158e-02 1.263204333810222235e-01 -8.346926849148700311e-03 2.046098809996417522e-02 9.278763685805450911e-02 -1.495468839375566350e-01 4.549258670933954002e-02 1.387946663868460939e-01 -1.708955498172727017e-01 -4.241731904624883309e-02 9.873848209365962414e-02 -7.848129869382694870e-03 -1.178678266555622097e-17 -1.085700431986622305e-01 -1.749197124537625603e-01 -1.876762123202325161e-01 -7.024978631700201648e-02 -1.370409727998448957e-01 -1.309121380185946926e-01 0.000000000000000000e+00
2.059845244774442113e-02 2.648934252463890776e-02 9.550234050303191280e-02 9.428235352343156475e-03 -1.563639519484319451e-01 2.100978887492722658e-01 1.114821327783463850e-01 9.665908412037829689e-02 -3.283235058744556328e-03 -1.788729257600087663e-01 0.000000000000000000e+00 -5.858742582297297302e-02 -1.004381221140737690e-01 -2.351472389676891039e-02 4.110929985481010657e-02 -1.044959568727060195e-01 -1.384418040085025059e-01 1.490105826405051792e-01 2.700075162055296657e-02 6.984182606357682011e-02 1.116300047431693573e-02 -7.949237476793181989e-02 -5.375594612645315934e-02 9.941333905522241332e-02 7.733698304464717288e-02 1.085700431986622444e-01 -4.891702956221820803e-17 -1.050206045246924319e-01 -2.495574943738987014e-02 1.143166966850808070e-01 1.731415233486112148e-01 1.735165482064163558e-02 2.059845244774442113e-02 2.648934252463890776e-02 9.550234050303191280e-02 9.428235352343156475e-03 -1.563639519484319451e-01 2.100978887492722658e-01 1.114821327783463850e-01 9.665908412037829689e-02 -3.283235058744556328e-03 -1.788729257600087663e-01 -6.236704148862651786e-01 -5.858742582297297302e-02 -1.004381221140737690e-01 -2.351472389676891039e-02 4.110929985481010657e-02 -1.044959568727060195e-01 -1.384418040085025059e-01 1.490105826405051792e-01 2.700075162055296657e-02 6.984182606357682011e-02 1.116300047431693573e-02 -7.949237476793181989e-02 -5.375594612645315934e-02 9.941333905522241332e-02 7.733698304464717288e-02 1.085700431986622444e-01 -4.891702956221820803e-17 -1.050206045246924319e-01 -2.495574943738987014e-02 1.143166966850808070e-01 1.731415233486112148e-01 1.735165482064163558e-02 0.000000000000000000e+00
7.405784171254205239e-02 7.152857530732720237e-02 3.689993162592186682e-02 1.730292408224402487e-02 -1.402484224268500841e-02 -4.547285100034814675e-02 -1.902336728540724442e-01 8.491053495641821824e-02 1.159100219625899819e-01 -4.966539678249366242e-03 -5.858742582297297302e-02 0.000000000000000000e+00 1.741796397262045451e-02 1.749279075020733487e-01 -6.288347801390342662e-02 1.559164044118815373e-01 8.519743872918732197e-02 1.910429906617860593e-02 -2.073618020520909544e-01 2.650074502290543366e-02 1.347295341545323710e-01 -1.621842082850914191e-01 -4.965873331406182173e-02 -8.802445858711806237e-02 1.255779682012544141e-01 1.749197124537625325e-01 1.050206045246924458e-01 -5.248683581973789182e-18 1.178483705487389233e-01 1.561857959107004479e-01 -1.470587641130327028e-01 -3.943834004972355395e-02 7.405784171254205239e-02 7.152857530732720237e-02 3.689993162592186682e-02 1.730292408224402487e-02 -1.402484224268500841e-02 -4.547285100034814675e-02 -1.902336728540724442e-01 8.491053495641821824e-02 1.159100219625899819e-01 -4.966539678249366242e-03 -5.858742582297297302e-02 -4.616305635227831994e-01 1.741796397262045451e-02 1.749279075020733487e-01 -6.288347801390342662e-02 1.559164044118815373e-01 8.519743872918732197e-02 1.910429906617860593e-02 -2.073618020520909544e-01 2.650074502290543366e-02 1.347295341545323710e-01 -1.621842082850914191e-01 -4.965873331406182173e-02 -8.802445858711806237e-02 1.255779682012544141e-01 1.749197124537625325e-01 1.050206045246924458e-01 -5.248683581973789182e-18 1.178483705487389233e-01 1.561857959107004479e-01 -1.470587641130327028e-01 -3.943834004972355395e-02 0.000000000000000000e+00
-1.214539083697201566e-01 1.516730348029375619e-01 1.007992109459982105e-01 -1.179480207143899506e-01 -2.898570033980361199e-02 -2.147989925063203132e-01 1.300270105893679834e-02 -6.583015496214772444e-02 -1.131231139223749793e-01 -4.027871910265200944e-02 -1.004381221140737690e-01 1.741796397262045451e-02 0.000000000000000000e+00 -1.285487458465879029e-01 7.829821487123561630e-02 -6.995759362533704451e-02 -1.119884103231674893e-01 1.213270645427691891e-01 2.372040207318490135e-01 2.521004618335505043e-01 -1.027912589489389343e-02 -1.539451688877579716e-01 -1.680340969311602539e-01 5.227580315611791983e-02 8.029612404717212382e-02 1.876762123202325716e-01 2.495574943738989096e-02 -1.178483705487388955e-01 -1.320055434406732236e-18 -6.105917033542411498e-02 -7.963199581044214104e-02 1.103166709568281952e-02 -1.214539083697201566e-01 1.516730348029375619e-01 1.007992109459982105e-01 -1.179480207143899506e-01 -2.898570033980361199e-02 -2.147989925063203132e-01 1.300270105893679834e-02 -6.583015496214772444e-02 -1.131231139223749793e-01 -4.027871910265200944e-02 -1.004381221140737690e-01 1.741796397262045451e-02 -6.176510814445212993e-01 -1.285487458465879029e-01 7.829821487123561630e-02 -6.995759362533704451e-02 -1.119884103231674893e-01 1.213270645427691891e-01 2.372040207318490135e-01 2.521004618335505043e-01 -1.027912589489389343e-02 -1.539451688877579716e-01 -1.680340969311602539e-01 5.227580315611791983e-02 8.029612404717212382e-02 1.876762123202325716e-01 2.495574943738989096e-02 -1.178483705487388955e-01 -1.320055434406732236e-18 -6.105917033542411498e-02 -7.963199581044214104e-02 1.103166709568281952e-02 0.000000000000000000e+00
-5.049524840296811673e-02 3.061303515559625835e-02 1.898764640898431277e-01 6.911096678089831413e-02 -2.565251489896374637e-01 9.475969024914548955e-02 2.413521053269096772e-01 -4.293345870286483131e-03 -2.082648534736016577e-01 -1.778350397843031158e-02 -2.351472389676891039e-02 1.749279075020733487e-01 -1.285487458465879029e-01 0.000000000000000000e+00 5.618280083721411550e-02 -7.106211023321039842e-03 -1.864835253562659723e-01 -3.119225486920805257e-01 2.265250715001140003e-01 9.702099218657744828e-02 -3.249374701745129379e-02 -9.855669697968204301e-02 1.317652055514464404e-01 -1.109069735021400716e-02 -2.198003097784757276e-01 7.024978631700204423e-02 -1.143166966850808347e-01 -1.561857959107004479e-01 6.105917033542412886e-02 2.619238026792657920e-17 2.882184960335360674e-02 -2.534190168243216287e-02 -5.049524840296811673e-02 3.061303515559625835e-02 1.898764640898431277e-01 6.911096678089831413e-02 -2.565251489896374637e-01 9.475969024914548955e-02 2.413521053269096772e-01 -4.293345870286483131e-03 -2.082648534736016577e-01 -1.778350397843031158e-02 -2.351472389676891039e-02 1.749279075020733487e-01 -1.285487458465879029e-01 -7.672640686453826575e-01 5.618280083721411550e-02 -7.106211023321039842e-03 -1.864835253562659723e-01 -3.119225486920805257e-01 2.265250715001140003e-01 9.702099218657744828e-02 -3.249374701745129379e-02 -9.855669697968204301e-02 1.317652055514464404e-01 -1.109069735021400716e-02 -2.198003097784757276e-01 7.024978631700204423e-02 -1.143166966850808347e-01 -1.561857959107004479e-01 6.105917033542412886e-02 2.619238026792657920e-17 2.882184960335360674e-02 -2.534190168243216287e-02 0.000000000000000000e+00
1.559886964449555546e-01 -4.140914492932847718e-02 4.476916225139356692e-02 1.105794419185590072e-01 3.593575956035596208e-01 -9.918624652569317524e-02 -3.152882491036468893e-01 -2.519543770451177639e-02 -6.308712854392500846e-02 1.263204333810222235e-01 4.110929985481010657e-02 -6.288347801390342662e-02 7.829821487123561630e-02 5.618280083721411550e-02 0.000000000000000000e+00 1.959534045214343378e-01 2.176426794430183151e-02 8.954690219400562867e-02 -1.001447795223643633e-01 -1.186646193849860004e-01 3.893122445492029626e-02 -1.407925173238600003e-01 -1.506766184905693196e-01 2.354740954871783754e-01 -8.060520149651387301e-02 1.370409727998448957e-01 -1.731415233486112148e-01 1.470587641130327583e-01 7.963199581044216879e-02 -2.882184960335359980e-02 -1.104887686934774741e-18 -4.704735105801098605e-02 1.559886964449555546e-01 -4.140914492932847718e-02 4.476916225139356692e-02 1.105794419185590072e-01 3.593575956035596208e-01 -9.918624652569317524e-02 -3.152882491036468893e-01 -2.519543770451177639e-02 -6.308712854392500846e-02 1.263204333810222235e-01 4.110929985481010657e-02 -6.288347801390342662e-02 7.829821487123561630e-02 5.618280083721411550e-02 -7.797835826219281508e-01 1.959534045214343378e-01 2.176426794430183151e-02 8.954690219400562867e-02 -1.001447795223643633e-01 -1.186646193849860004e-01 3.893122445492029626e-02 -1.407925173238600003e-01 -1.506766184905693196e-01 2.354740954871783754e-01 -8.060520149651387301e-02 1.370409727998448957e-01 -1.731415233486112148e-01 1.470587641130327583e-01 7.963199581044216879e-02 -2.882184960335359980e-02 -1.104887686934774741e-18 -4.704735105801098605e-02 0.000000000000000000e+00
-1.034228261510845431e-01 -1.715855917561731891e-01 -2.647320293203376043e-02 -3.401225127249567909e-02 -1.771122508126403428e-01 -6.428101127767452128e-02 2.050078139324517656e-01 2.224854406435039164e-02 -1.114294942625912582e-01 -8.346926849148700311e-03 -1.044959568727060195e-01 1.559164044118815373e-01 -6.995759362533704451e-02 -7.106211023321039842e-03 1.959534045214343378e-01 0.000000000000000000e+00 -4.934950428894146340e-03 5.019295687646532604e-03 1.975505495998829686e-01 5.475978576164088063e-02 -9.605652376928759673e-02 -7.603001766856313549e-03 -1.914195414235416240e-02 -1.730309368609153631e-01 -1.704925881401512730e-02 1.309121380185946926e-01 -1.735165482064163212e-02 3.943834004972358170e-02 -1.103166709568281952e-02 2.534190168243216981e-02 4.704735105801098605e-02 2.349476382788659407e-17 -1.034228261510845431e-01 -1.715855917561731891e-01 -2.647320293203376043e-02 -3.401225127249567909e-02 -1.771122508126403428e-01 -6.428101127767452128e-02 2.050078139324517656e-01 2.224854406435039164e-02 -1.114294942625912582e-01 -8.346926849148700311e-03 -1.044959568727060195e-01 1.559164044118815373e-01 -6.995759362533704451e-02 -7.106211023321039842e-03 1.959534045214343378e-01 -6.036021111735339062e-01 -4.934950428894146340e-03 5.019295687646532604e-03 1.975505495998829686e-01 5.475978576164088063e-02 -9.605652376928759673e-02 -7.603001766856313549e-03 -1.914195414235416240e-02 -1.730309368609153631e-01 -1.704925881401512730e-02 1.309121380185946926e-01 -1.735165482064163212e-02 3.943834004972358170e-02 -1.103166709568281952e-02 2.534190168243216981e-02 4.704735105801098605e-02 2.349476382788659407e-17 0.000000000000000000e+00
4.845606228759157728e-18 1.397869629680085490e-01 6.774673893105687648e-03 -8.707939114608247849e-03 1.237365505588594768e-02 1.274304487717051737e-01 9.791266172429563541e-02 -2.821966628100271157e-02 -5.666854917291836574e-02 2.046098809996417522e-02 -1.384418040085025059e-01 8.519743872918732197e-02 -1.119884103231674893e-01 -1.864835253562659723e-01 2.176426794430183151e-02 -4.934950428894146340e-03 0.000000000000000000e+00 -2.375047406803343364e-01 1.557870912498964533e-01 1.022484824455499736e-01 -1.138093022892698591e-01 7.834996145956968361e-02 1.951336324842661563e-01 2.709000105415553250e-01 -1.186718434085401973e-02 -3.363841913975818693e-02 2.059845244774440726e-02 7.405784171254208015e-02 -1.214539083697201288e-01 -5.049524840296811673e-02 1.559886964449556379e-01 -1.034228261510845709e-01 4.845606228759157728e-18 1.397869629680085490e-01 6.774673893105687648e-03 -8.707939114608247849e-03 1.237365505588594768e-02 1.274304487717051737e-01 9.791266172429563541e-02 -2.821966628100271157e-02 -5.666854917291836574e-02 2.046098809996417522e-02 -1.384418040085025059e-01 8.519743872918732197e-02 -1.119884103231674893e-01 -1.864835253562659723e-01 2.176426794430183151e-02 -4.934950428894146340e-03 -5.888418078112127585e-01 -2.375047406803343364e-01 1.557870912498964533e-01 1.022484824455499736e-01 -1.138093022892698591e-01 7.834996145956968361e-02 1.951336324842661563e-01 2.709000105415553250e-01 -1.186718434085401973e-02 -3.363841913975818693e-02 2.059845244774440726e-02 7.405784171254208015e-02 -1.214539083697201288e-01 -5.049524840296811673e-02 1.559886964449556379e-01 -1.034228261510845709e-01 0.000000000000000000e+00
-1.397869629680084935e-01 -1.751201373631480206e-17 2.226404187729144057e-01 1.830403900482434620e-01 -1.896661763861612893e-01 1.244921962493021755e-01 3.031539830561117976e-01 1.766436837615864841e-01 -9.493151030803708562e-03 9.278763685805450911e-02 1.490105826405051792e-01 1.910429906617860593e-02 1.213270645427691891e-01 -3.119225486920805257e-01 8.954690219400562867e-02 5.019295687646532604e-03 -2.375047406803343364e-01 0.000000000000000000e+00 -1.425054825906463818e-01 -2.989571823903072615e-04 -5.612333967529445355e-02 2.309438665860410744e-01 1.762684283924102480e-01 1.141941740745053141e-01 -4.524175350064079532e-02 -2.224782439145291113e-01 2.648934252463891817e-02 7.152857530732717461e-02 1.516730348029375619e-01 3.061303515559623406e-02 -4.140914492932844249e-02 -1.715855917561731891e-01 -1.397869629680084935e-01 -1.751201373631480206e-17 2.226404187729144057e-01 1.830403900482434620e-01 -1.896661763861612893e-01 1.244921962493021755e-01 3.031539830561117976e-01 1.766436837615864841e-01 -9.493151030803708562e-03 9.278763685805450911e-02 1.490105826405051792e-01 1.910429906617860593e-02 1.213270645427691891e-01 -3.119225486920805257e-01 8.954690219400562867e-02 5.019295687646532604e-03 -2.375047406803343364e-01 -6.995262316803723124e-01 -1.425054825906463818e-01 -2.989571823903072615e-04 -5.612333967529445355e-02 2.309438665860410744e-01 1.762684283924102480e-01 1.141941740745053141e-01 -4.524175350064079532e-02 -2.224782439145291113e-01 2.648934252463891817e-02 7.152857530732717461e-02 1.516730348029375619e-01 3.061303515559623406e-02 -4.140914492932844249e-02 -1.715855917561731891e-01 0.000000000000000000e+00
-6.774673893105731017e-03 -2.226404187729143780e-01 2.904708297749710548e-17 -1.891053845173919223e-01 2.787022921474923559e-02 3.900320502417298912e-02 -7.666247889252104930e-02 1.779143808553914352e-01 1.053207683745667755e-01 -1.495468839375566350e-01 2.700075162055296657e-02 -2.073618020520909544e-01 2.372040207318490135e-01 2.265250715001140003e-01 -1.001447795223643633e-01 1.975505495998829686e-01 1.557870912498964533e-01 -1.425054825906463818e-01 0.000000000000000000e+00 -3.439493571225618607e-01 2.663486971755702482e-01 -1.134949600719261514e-01 -9.134011982213652292e-02 5.936888954213590669e-02 5.858795462294075912e-02 -2.521231848508664330e-01 9.550234050303191280e-02 3.689993162592190151e-02 1.007992109459982383e-01 1.898764640898432110e-01 4.476916225139353916e-02 -2.647320293203376043e-02 -6.774673893105731017e-03 -2.226404187729143780e-01 2.904708297749710548e-17 -1.891053845173919223e-01 2.787022921474923559e-02 3.900320502417298912e-02 -7.666247889252104930e-02 1.779143808553914352e-01 1.053207683745667755e-01 -1.495468839375566350e-01 2.700075162055296657e-02 -2.073618020520909544e-01 2.372040207318490135e-01 2.265250715001140003e-01 -1.001447795223643633e-01 1.975505495998829686e-01 1.557870912498964533e-01 -1.425054825906463818e-01 -9.800611630881562730e-01 -3.439493571225618607e-01 2.663486971755702482e-01 -1.134949600719261514e-01 -9.134011982213652292e-02 5.936888954213590669e-02 5.858795462294075912e-02 -2.521231848508664330e-01 9.550234050303191280e-02 3.689993162592190151e-02 1.007992109459982383e-01 1.898764640898432110e-01 4.476916225139353916e-02 -2.647320293203376043e-02 0.000000000000000000e+00
8.707939114608294687e-03 -1.830403900482434620e-01 1.891053845173919223e-01 1.779865118661967027e-17 -3.357215112754097230e-02 1.730722014513210449e-01 -6.867606297465013443e-02 1.189736674509114939e-01 -1.854252665366104211e-02 4.549258670933954002e-02 6.984182606357682011e-02 2.650074502290543366e-02 2.521004618335505043e-01 9.702099218657744828e-02 -1.186646193849860004e-01 5.475978576164088063e-02 1.022484824455499736e-01 -2.989571823903072615e-04 -3.439493571225618607e-01 0.000000000000000000e+00 2.034418029388310872e-02 -1.142572834922079283e-01 -3.379379074631147506e-02 7.437931713511465679e-04 2.628805495147101823e-02 -1.410305198472217580e-01 9.428235352343165149e-03 1.730292408224402140e-02 -1.179480207143899506e-01 6.911096678089828638e-02 1.105794419185589655e-01 -3.401225127249567215e-02 8.707939114608294687e-03 -1.830403900482434620e-01 1.891053845173919223e-01 1.779865118661967027e-17 -3.357215112754097230e-02 1.730722014513210449e-01 -6.867606297465013443e-02 1.189736674509114939e-01 -1.854252665366104211e-02 4.549258670933954002e-02 6.984182606357682011e-02 2.650074502290543366e-02 2.521004618335505043e-01 9.702099218657744828e-02 -1.186646193849860004e-01 5.475978576164088063e-02 1.022484824455499736e-01 -2.989571823903072615e-04 -3.439493571225618607e-01 -8.084979272220762514e-01 2.034418029388310872e-02 -1.142572834922079283e-01 -3.379379074631147506e-02 7.437931713511465679e-04 2.628805495147101823e-02 -1.410305198472217580e-01 9.428235352343165149e-03 1.730292408224402140e-02 -1.179480207143899506e-01 6.911096678089828638e-02 1.105794419185589655e-01 -3.401225127249567215e-02 0.000000000000000000e+00
-1.237365505588594768e-02 1.896661763861612893e-01 -2.787022921474923212e-02 3.357215112754095843e-02 -1.791572909449832021e-17 -1.840033953543188661e-01 1.277293985168960200e-01 2.132365938764642921e-01 -1.553399617551448342e-01 1.387946663868460939e-01 1.116300047431693573e-02 1.347295341545323710e-01 -1.027912589489389343e-02 -3.249374701745129379e-02 3.893122445492029626e-02 -9.605652376928759673e-02 -1.138093022892698591e-01 -5.612333967529445355e-02 2.663486971755702482e-01 2.034418029388310872e-02 0.000000000000000000e+00 1.106787783058909291e-01 3.417394026652165184e-01 1.519006444016738067e-01 1.648942692509101915e-02 -3.801754065500794616e-02 -1.563639519484319174e-01 -1.402484224268500321e-02 -2.898570033980360505e-02 -2.565251489896375192e-01 3.593575956035596763e-01 -1.771122508126403705e-01 -1.237365505588594768e-02 1.896661763861612893e-01 -2.787022921474923212e-02 3.357215112754095843e-02 -1.791572909449832021e-17 -1.840033953543188661e-01 1.277293985168960200e-01 2.132365938764642921e-01 -1.553399617551448342e-01 1.387946663868460939e-01 1.116300047431693573e-02 1.347295341545323710e-01 -1.027912589489389343e-02 -3.249374701745129379e-02 3.893122445492029626e-02 -9.605652376928759673e-02 -1.138093022892698591e-01 -5.612333967529445355e-02 2.663486971755702482e-01 2.034418029388310872e-02 -7.681077470297058563e-01 1.106787783058909291e-01 3.417394026652165184e-01 1.519006444016738067e-01 1.648942692509101915e-02 -3.801754065500794616e-02 -1.563639519484319174e-01 -1.402484224268500321e-02 -2.898570033980360505e-02 -2.565251489896375192e-01 3.593575956035596763e-01 -1.771122508126403705e-01 0.000000000000000000e+00
-1.274304487717051737e-01 -1.244921962493022172e-01 -3.900320502417296831e-02 -1.730722014513210449e-01 1.840033953543188661e-01 -8.993928215388140795e-18 -7.193725623310601169e-02 6.544067995286649564e-02 -2.168009844311339640e-01 -1.708955498172727017e-01 -7.949237476793181989e-02 -1.621842082850914191e-01 -1.539451688877579716e-01 -9.855669697968204301e-02 -1.407925173238600003e-01 -7.603001766856313549e-03 7.834996145956968361e-02 2.309438665860410744e-01 -1.134949600719261514e-01 -1.142572834922079283e-01 1.106787783058909291e-01 0.000000000000000000e+00 -1.241679365172139449e-01 -1.228362211921417702e-01 -3.240442773892851513e-01 4.115686093482385233e-01 2.100978887492721547e-01 -4.547285100034816063e-02 -2.147989925063204519e-01 9.475969024914544792e-02 -9.918624652569317524e-02 -6.428101127767452128e-02 -1.274304487717051737e-01 -1.244921962493022172e-01 -3.900320502417296831e-02 -1.730722014513210449e-01 1.840033953543188661e-01 -8.993928215388140795e-18 -7.193725623310601169e-02 6.544067995286649564e-02 -2.168009844311339640e-01 -1.708955498172727017e-01 -7.949237476793181989e-02 -1.621842082850914191e-01 -1.539451688877579716e-01 -9.855669697968204301e-02 -1.407925173238600003e-01 -7.603001766856313549e-03 7.834996145956968361e-02 2.309438665860410744e-01 -1.134949600719261514e-01 -1.142572834922079283e-01 1.106787783058909291e-01 -9.999999999999996669e-01 -1.241679365172139449e-01 -1.228362211921417702e-01 -3.240442773892851513e-01 4.115686093482385233e-01 2.100978887492721547e-01 -4.547285100034816063e-02 -2.147989925063204519e-01 9.475969024914544792e-02 -9.918624652569317524e-02 -6.428101127767452128e-02 0.000000000000000000e+00
-9.791266172429566317e-02 -3.031539830561117976e-01 7.666247889252102155e-02 6.867606297465013443e-02 -1.277293985168960200e-01 7.193725623310601169e-02 -1.501302160171214719e-17 6.638561047421595585e-02 -1.274851960445550769e-01 -4.241731904624883309e-02 -5.375594612645315934e-02 -4.965873331406182173e-02 -1.680340969311602539e-01 1.317652055514464404e-01 -1.506766184905693196e-01 -1.914195414235416240e-02 1.951336324842661563e-01 1.762684283924102480e-01 -9.134011982213652292e-02 -3.379379074631147506e-02 3.417394026652165184e-01 -1.241679365172139449e-01 0.000000000000000000e+00 -6.543310209242510223e-02 1.670107062993252955e-01 1.125971240276824881e-01 1.114821327783463573e-01 -1.902336728540724164e-01 1.300270105893677232e-02 2.413521053269096495e-01 -3.152882491036468893e-01 2.050078139324517656e-01 -9.791266172429566317e-02 -3.031539830561117976e-01 7.666247889252102155e-02 6.867606297465013443e-02 -1.277293985168960200e-01 7.193725623310601169e-02 -1.501302160171214719e-17 6.638561047421595585e-02 -1.274851960445550769e-01 -4.241731904624883309e-02 -5.375594612645315934e-02 -4.965873331406182173e-02 -1.680340969311602539e-01 1.317652055514464404e-01 -1.506766184905693196e-01 -1.914195414235416240e-02 1.951336324842661563e-01 1.762684283924102480e-01 -9.134011982213652292e-02 -3.379379074631147506e-02 3.417394026652165184e-01 -1.241679365172139449e-01 -9.132678794618553919e-01 -6.543310209242510223e-02 1.670107062993252955e-01 1.125971240276824881e-01 1.114821327783463573e-01 -1.902336728540724164e-01 1.300270105893677232e-02 2.413521053269096495e-01 -3.152882491036468893e-01 2.050078139324517656e-01 0.000000000000000000e+00
2.821966628100267688e-02 -1.766436837615865674e-01 -1.779143808553914352e-01 -1.189736674509115355e-01 -2.132365938764643754e-01 -6.544067995286650952e-02 -6.638561047421598360e-02 -6.493504143243223822e-17 5.897885560111718745e-02 9.873848209365962414e-02 9.941333905522241332e-02 -8.802445858711806237e-02 5.227580315611791983e-02 -1.109069735021400716e-02 2.354740954871783754e-01 -1.730309368609153631e-01 2.709000105415553250e-01 1.141941740745053141e-01 5.936888954213590669e-02 7.437931713511465679e-04 1.519006444016738067e-01 -1.228362211921417702e-01 -6.543310209242510223e-02 0.000000000000000000e+00 -3.658029170315828943e-02 1.328031062800759110e-01 9.665908412037832464e-02 8.491053495641821824e-02 -6.583015496214772444e-02 -4.293345870286477059e-03 -2.519543770451177292e-02 2.224854406435038123e-02 2.821966628100267688e-02 -1.766436837615865674e-01 -1.779143808553914352e-01 -1.189736674509115355e-01 -2.132365938764643754e-01 -6.544067995286650952e-02 -6.638561047421598360e-02 -6.493504143243223822e-17 5.897885560111718745e-02 9.873848209365962414e-02 9.941333905522241332e-02 -8.802445858711806237e-02 5.227580315611791983e-02 -1.109069735021400716e-02 2.354740954871783754e-01 -1.730309368609153631e-01 2.709000105415553250e-01 1.141941740745053141e-01 5.936888954213590669e-02 7.437931713511465679e-04 1.519006444016738067e-01 -1.228362211921417702e-01 -6.543310209242510223e-02 -7.876692112198859785e-01 -3.658029170315828943e-02 1.328031062800759110e-01 9.665908412037832464e-02 8.491053495641821824e-02 -6.583015496214772444e-02 -4.293345870286477059e-03 -2.519543770451177292e-02 2.224854406435038123e-02 0.000000000000000000e+00
