0.000000000000000000e+00 -6.581623167015364373e-02 -1.115058718569662544e-01 7.559870525489651360e-04 1.449338582779197970e-01 2.623281442040453215e-01 2.398492555257331071e-02 5.548084816221988264e-02 2.893965833033040197e-02 -7.819401830481252647e-02 1.713656631825117571e-01 -2.261441639906547341e-02 -6.202981136586042249e-02 5.868843652528084841e-03 2.506208610203312648e-01 -4.458865963004718380e-02 3.170037161484576224e-17 2.925759861462166531e-02 -1.246154375547685600e-01 4.006316221291742613e-02 4.679422912926647221e-02 9.409292339505175018e-02 5.261179100341038806e-02 7.302267525420817404e-03 3.878273270233083964e-02 2.288631522123692752e-01 -5.346414649921633726e-03 -2.557342593425265265e-01 -6.321385509538667014e-03 -7.639028828000092586e-02 -8.901515526052279637e-02 -7.236219253800432738e-02 -5.813164627157112463e-01 -6.581623167015364373e-02 -1.115058718569662544e-01 7.559870525489651360e-04 1.449338582779197970e-01 2.623281442040453215e-01 2.398492555257331071e-02 5.548084816221988264e-02 2.893965833033040197e-02 -7.819401830481252647e-02 1.713656631825117571e-01 -2.261441639906547341e-02 -6.202981136586042249e-02 5.868843652528084841e-03 2.506208610203312648e-01 -4.458865963004718380e-02 3.170037161484576224e-17 2.925759861462166531e-02 -1.246154375547685600e-01 4.006316221291742613e-02 4.679422912926647221e-02 9.409292339505175018e-02 5.261179100341038806e-02 7.302267525420817404e-03 3.878273270233083964e-02 2.288631522123692752e-01 -5.346414649921633726e-03 -2.557342593425265265e-01 -6.321385509538667014e-03 -7.639028828000092586e-02 -8.901515526052279637e-02 -7.236219253800432738e-02 0.000000000000000000e+00
-6.581623167015364373e-02 0.000000000000000000e+00 6.980436448403809502e-02 8.038956398119507726e-03 -1.537891263523278595e-01 -1.319987590124138410e-01 9.966822006013888180e-02 -1.159381569220141739e-01 3.045756275877933850e-02 -2.537392418072297318e-01 9.867194829762736263e-02 8.607289789918548539e-02 2.898515618030794161e-01 9.673117629611252544e-02 2.420913397324022179e-02 -5.488097380999974999e-04 -2.925759861462165143e-02 -1.709112532807178298e-17 -5.693380539259406065e-04 5.221892498813568428e-02 -4.262813744161436658e-02 5.042997284483878573e-02 2.232382227547177744e-01 -2.229958219893212190e-01 -2.821397768840015474e-01 -1.117318769319554511e-01 -1.300050543060740360e-01 -2.192784668079237054e-01 -8.936279587555549797e-02 -9.560579565474991437e-02 -1.094852534202505820e-02 1.231178296345253331e-02 -6.581623167015364373e-02 -1.000000000000000000e+00 6.980436448403809502e-02 8.038956398119507726e-03 -1.537891263523278595e-01 -1.319987590124138410e-01 9.966822006013888180e-02 -1.159381569220141739e-01 3.045756275877933850e-02 -2.537392418072297318e-01 9.867194829762736263e-02 8.607289789918548539e-02 2.898515618030794161e-01 9.673117629611252544e-02 2.420913397324022179e-02 -5.488097380999974999e-04 -2.925759861462165143e-02 -1.709112532807178298e-17 -5.693380539259406065e-04 5.221892498813568428e-02 -4.262813744161436658e-02 5.042997284483878573e-02 2.232382227547177744e-01 -2.229958219893212190e-01 -2.821397768840015474e-01 -1.117318769319554511e-01 -1.300050543060740360e-01 -2.192784668079237054e-01 -8.936279587555549797e-02 -9.560579565474991437e-02 -1.094852534202505820e-02 1.231178296345253331e-02 0.000000000000000000e+00
-1.115058718569662544e-01 6.980436448403809502e-02 0.000000000000000000e+00 1.142129590590286875e-01 -1.376671070182305945e-02 -5.749706047123046004e-02 6.665837313983399848e-02 5.573378629738631393e-03 9.486160256510922650e-02 1.559434787102315645e-01 1.138339635070670236e-01 -2.987435056200303252e-01 -2.273289539137212933e-01 -2.778957792864456683e-02 1.118960200043726955e-01 -1.553794705901263840e-01 1.246154375547685739e-01 5.693380539259639168e-04 -3.668706885290217395e-18 -4.794205187205677343e-02 -1.133296491459284128e-01 -3.117479034053170089e-02 9.532513882021720342e-02 1.314462262359961109e-01 6.023613697834760000e-02 -4.223450476748320109e-02 4.938922630378479728e-02 1.107936158075648048e-02 8.829530657622504386e-02 1.420331490475122138e-01 -1.401245920215253848e-01 1.572500775259012273e-01 -1.115058718569662544e-01 6.980436448403809502e-02 -7.142396155645818201e-01 1.142129590590286875e-01 -1.376671070182305945e-02 -5.749706047123046004e-02 6.665837313983399848e-02 5.573378629738631393e-03 9.486160256510922650e-02 1.559434787102315645e-01 1.138339635070670236e-01 -2.987435056200303252e-01 -2.273289539137212933e-01 -2.778957792864456683e-02 1.118960200043726955e-01 -1.553794705901263840e-01 1.246154375547685739e-01 5.693380539259639168e-04 -3.668706885290217395e-18 -4.794205187205677343e-02 -1.133296491459284128e-01 -3.117479034053170089e-02 9.532513882021720342e-02 1.314462262359961109e-01 6.023613697834760000e-02 -4.223450476748320109e-02 4.938922630378479728e-02 1.107936158075648048e-02 8.829530657622504386e-02 1.420331490475122138e-01 -1.401245920215253848e-01 1.572500775259012273e-01 0.000000000000000000e+00
7.559870525489651360e-04 8.038956398119507726e-03 1.142129590590286875e-01 0.000000000000000000e+00 -1.195298972896325085e-01 2.756143906035039490e-02 8.553146401353847739e-02 1.370546441219317770e-02 1.547883412899557776e-01 -1.724696285315899247e-01 4.106561926683082592e-02 1.126959175927007145e-01 -3.245950948833016547e-02 2.689968542426263848e-02 1.796094476988781830e-01 -1.313562007603820414e-01 -4.006316221291742613e-02 -5.221892498813567735e-02 4.794205187205680119e-02 -8.254347490814075274e-18 -1.609759263752628677e-01 5.153002493875755846e-02 7.742505385608872311e-03 -7.645007497426081766e-02 -2.824616921980358311e-02 -6.951414556684395139e-03 -1.960926215854142188e-02 5.552768862406531197e-02 -1.868521751611591786e-01 -1.059724067663968816e-01 3.113042733719727229e-02 -6.213324576422951662e-02 7.559870525489651360e-04 8.038956398119507726e-03 1.142129590590286875e-01 -3.976091139825547183e-01 -1.195298972896325085e-01 2.756143906035039490e-02 8.553146401353847739e-02 1.370546441219317770e-02 1.547883412899557776e-01 -1.724696285315899247e-01 4.106561926683082592e-02 1.126959175927007145e-01 -3.245950948833016547e-02 2.689968542426263848e-02 1.796094476988781830e-01 -1.313562007603820414e-01 -4.006316221291742613e-02 -5.221892498813567735e-02 4.794205187205680119e-02 -8.254347490814075274e-18 -1.609759263752628677e-01 5.153002493875755846e-02 7.742505385608872311e-03 -7.645007497426081766e-02 -2.824616921980358311e-02 -6.951414556684395139e-03 -1.960926215854142188e-02 5.552768862406531197e-02 -1.868521751611591786e-01 -1.059724067663968816e-01 3.113042733719727229e-02 -6.213324576422951662e-02 0.000000000000000000e+00
1.449338582779197970e-01 -1.537891263523278595e-01 -1.376671070182305945e-02 -1.195298972896325085e-01 0.000000000000000000e+00 -3.854253961369542847e-02 4.630958126714503076e-02 -1.807213613712412292e-01 7.564870378827009967e-02 -9.686500116720382636e-02 -7.587531233441663359e-02 1.194831122670205609e-01 3.113496573649886939e-02 -4.719645255033366738e-02 -2.734770922007099050e-02 -4.989928656376779736e-02 -4.679422912926645139e-02 4.262813744161435270e-02 1.133296491459284128e-01 1.609759263752629788e-01 3.612940282080305647e-19 -1.945398310293160529e-02 -1.998802723680466464e-02 -7.072315231519409051e-02 -1.892987351187549738e-01 4.188990607277409683e-02 -7.686981273952325777e-02 1.231606022723740063e-01 -6.169858874109136054e-02 -8.348173609047672417e-02 -1.118384377201275953e-01 9.215778635925381268e-02 1.449338582779197970e-01 -1.537891263523278595e-01 -1.376671070182305945e-02 -1.195298972896325085e-01 -4.839966481815935473e-01 -3.854253961369542847e-02 4.630958126714503076e-02 -1.807213613712412292e-01 7.564870378827009967e-02 -9.686500116720382636e-02 -7.587531233441663359e-02 1.194831122670205609e-01 3.113496573649886939e-02 -4.719645255033366738e-02 -2.734770922007099050e-02 -4.989928656376779736e-02 -4.679422912926645139e-02 4.262813744161435270e-02 1.133296491459284128e-01 1.609759263752629788e-01 3.612940282080305647e-19 -1.945398310293160529e-02 -1.998802723680466464e-02 -7.072315231519409051e-02 -1.892987351187549738e-01 4.188990607277409683e-02 -7.686981273952325777e-02 1.231606022723740063e-01 -6.169858874109136054e-02 -8.348173609047672417e-02 -1.118384377201275953e-01 9.215778635925381268e-02 0.000000000000000000e+00
2.623281442040453215e-01 -1.319987590124138410e-01 -5.749706047123046004e-02 2.756143906035039490e-02 -3.854253961369542847e-02 0.000000000000000000e+00 -4.621045252738496811e-02 4.490862353123403067e-02 6.686256854974817476e-02 -3.137871800657133668e-04 -2.997473673832954343e-03 6.769431642908280145e-02 5.167579862447405775e-02 1.792571637201023985e-02 -1.506845404524803922e-01 -4.789975984039322732e-02 -9.409292339505175018e-02 -5.042997284483879961e-02 3.117479034053168008e-02 -5.153002493875755846e-02 1.945398310293159488e-02 -3.607989354703204377e-18 5.047118473906250791e-02 7.063094324766089338e-02 -4.625860104912522808e-02 -2.570702187976758313e-01 4.336038104615656807e-02 5.517152417354822397e-02 3.152332999828624804e-02 7.877187925142108138e-02 1.040860256722043048e-01 4.333692144618755265e-02 2.623281442040453215e-01 -1.319987590124138410e-01 -5.749706047123046004e-02 2.756143906035039490e-02 -3.854253961369542847e-02 -5.000498826111366979e-01 -4.621045252738496811e-02 4.490862353123403067e-02 6.686256854974817476e-02 -3.137871800657133668e-04 -2.997473673832954343e-03 6.769431642908280145e-02 5.167579862447405775e-02 1.792571637201023985e-02 -1.506845404524803922e-01 -4.789975984039322732e-02 -9.409292339505175018e-02 -5.042997284483879961e-02 3.117479034053168008e-02 -5.153002493875755846e-02 1.945398310293159488e-02 -3.607989354703204377e-18 5.047118473906250791e-02 7.063094324766089338e-02 -4.625860104912522808e-02 -2.570702187976758313e-01 4.336038104615656807e-02 5.517152417354822397e-02 3.152332999828624804e-02 7.877187925142108138e-02 1.040860256722043048e-01 4.333692144618755265e-02 0.000000000000000000e+00
2.398492555257331071e-02 9.966822006013888180e-02 6.665837313983399848e-02 8.553146401353847739e-02 4.630958126714503076e-02 -4.621045252738496811e-02 0.000000000000000000e+00 1.661814862147400762e-01 -7.246769729341133448e-02 1.240943633833815757e-01 -1.338520778249018273e-01 4.924380501071381339e-02 -2.125159646445115291e-01 3.307363431981220209e-02 5.284495519011611631e-03 -5.310590516981095882e-02 -5.261179100341036724e-02 -2.232382227547177467e-01 -9.532513882021723117e-02 -7.742505385608910475e-03 1.998802723680468893e-02 -5.047118473906250097e-02 1.482527342782106742e-17 -1.312355687667266235e-01 -1.221202424949449986e-02 -1.494646382569840837e-01 6.676516372780078035e-02 -2.377917765905710260e-02 1.505128601864453297e-01 7.117919220478469144e-02 -6.129042034290112240e-02 4.015453478274116916e-02 2.398492555257331071e-02 9.966822006013888180e-02 6.665837313983399848e-02 8.553146401353847739e-02 4.630958126714503076e-02 -4.621045252738496811e-02 -7.393950947996967837e-01 1.661814862147400762e-01 -7.246769729341133448e-02 1.240943633833815757e-01 -1.338520778249018273e-01 4.924380501071381339e-02 -2.125159646445115291e-01 3.307363431981220209e-02 5.284495519011611631e-03 -5.310590516981095882e-02 -5.261179100341036724e-02 -2.232382227547177467e-01 -9.532513882021723117e-02 -7.742505385608910475e-03 1.998802723680468893e-02 -5.047118473906250097e-02 1.482527342782106742e-17 -1.312355687667266235e-01 -1.221202424949449986e-02 -1.494646382569840837e-01 6.676516372780078035e-02 -2.377917765905710260e-02 1.505128601864453297e-01 7.117919220478469144e-02 -6.129042034290112240e-02 4.015453478274116916e-02 0.000000000000000000e+00
5.548084816221988264e-02 -1.159381569220141739e-01 5.573378629738631393e-03 1.370546441219317770e-02 -1.807213613712412292e-01 4.490862353123403067e-02 1.661814862147400762e-01 0.000000000000000000e+00 -2.451610959915855037e-01 -1.212337036295284415e-01 -1.490485679473057060e-02 5.758909732429862843e-02 1.455816659624097897e-01 -9.871441321932175605e-02 -1.511805936970622363e-03 4.937511382125432668e-02 -7.302267525420809598e-03 2.229958219893212190e-01 -1.314462262359961109e-01 7.645007497426081766e-02 7.072315231519410439e-02 -7.063094324766087950e-02 1.312355687667266235e-01 -9.738288976604092308e-19 6.308773914282200801e-02 1.206981817557737230e-01 5.337575157276750609e-02 6.386352830863462060e-02 -1.240149043275548812e-01 7.036970906582281499e-03 -8.776433773556964468e-02 -8.375613902106530603e-03 5.548084816221988264e-02 -1.159381569220141739e-01 5.573378629738631393e-03 1.370546441219317770e-02 -1.807213613712412292e-01 4.490862353123403067e-02 1.661814862147400762e-01 -5.762689698897452972e-01 -2.451610959915855037e-01 -1.212337036295284415e-01 -1.490485679473057060e-02 5.758909732429862843e-02 1.455816659624097897e-01 -9.871441321932175605e-02 -1.511805936970622363e-03 4.937511382125432668e-02 -7.302267525420809598e-03 2.229958219893212190e-01 -1.314462262359961109e-01 7.645007497426081766e-02 7.072315231519410439e-02 -7.063094324766087950e-02 1.312355687667266235e-01 -9.738288976604092308e-19 6.308773914282200801e-02 1.206981817557737230e-01 5.337575157276750609e-02 6.386352830863462060e-02 -1.240149043275548812e-01 7.036970906582281499e-03 -8.776433773556964468e-02 -8.375613902106530603e-03 0.000000000000000000e+00
2.893965833033040197e-02 3.045756275877933850e-02 9.486160256510922650e-02 1.547883412899557776e-01 7.564870378827009967e-02 6.686256854974817476e-02 -7.246769729341133448e-02 -2.451610959915855037e-01 0.000000000000000000e+00 -9.577907750578250334e-02 -1.420512947426542417e-02 -1.076657899152751591e-01 -1.327142536994753708e-01 -7.506109418584323845e-02 8.239803794755376498e-02 1.610655428268911726e-01 -3.878273270233083964e-02 2.821397768840016029e-01 -6.023613697834760000e-02 2.824616921980356923e-02 1.892987351187549738e-01 4.625860104912521420e-02 1.221202424949451200e-02 -6.308773914282198025e-02 -1.334823694192990883e-17 7.663080087061065193e-02 4.748460423518368473e-02 6.324723728332148909e-02 3.641487444267759582e-02 4.314115983578716701e-02 6.395118011126910140e-02 -1.634219907110164571e-01 2.893965833033040197e-02 3.045756275877933850e-02 9.486160256510922650e-02 1.547883412899557776e-01 7.564870378827009967e-02 6.686256854974817476e-02 -7.246769729341133448e-02 -2.451610959915855037e-01 -6.317840856907225300e-01 -9.577907750578250334e-02 -1.420512947426542417e-02 -1.076657899152751591e-01 -1.327142536994753708e-01 -7.506109418584323845e-02 8.239803794755376498e-02 1.610655428268911726e-01 -3.878273270233083964e-02 2.821397768840016029e-01 -6.023613697834760000e-02 2.824616921980356923e-02 1.892987351187549738e-01 4.625860104912521420e-02 1.221202424949451200e-02 -6.308773914282198025e-02 -1.334823694192990883e-17 7.663080087061065193e-02 4.748460423518368473e-02 6.324723728332148909e-02 3.641487444267759582e-02 4.314115983578716701e-02 6.395118011126910140e-02 -1.634219907110164571e-01 0.000000000000000000e+00
-7.819401830481252647e-02 -2.537392418072297318e-01 1.559434787102315645e-01 -1.724696285315899247e-01 -9.686500116720382636e-02 -3.137871800657133668e-04 1.240943633833815757e-01 -1.212337036295284415e-01 -9.577907750578250334e-02 0.000000000000000000e+00 1.154652632460956979e-01 9.235805000349985028e-02 6.882268634193815238e-02 1.028603433221892405e-01 1.482920903054130990e-01 2.183900621452798327e-02 -2.288631522123692752e-01 1.117318769319554789e-01 4.223450476748324273e-02 6.951414556684386466e-03 -4.188990607277408990e-02 2.570702187976758868e-01 1.494646382569840004e-01 -1.206981817557737369e-01 -7.663080087061063805e-02 -1.565062288875043833e-18 4.369869815314976480e-02 -5.847838244629087467e-02 -3.969842444118449470e-02 -1.042436986048950881e-01 1.018437468102175725e-01 -1.495350794089384157e-02 -7.819401830481252647e-02 -2.537392418072297318e-01 1.559434787102315645e-01 -1.724696285315899247e-01 -9.686500116720382636e-02 -3.137871800657133668e-04 1.240943633833815757e-01 -1.212337036295284415e-01 -9.577907750578250334e-02 -4.831468627893160117e-01 1.154652632460956979e-01 9.235805000349985028e-02 6.882268634193815238e-02 1.028603433221892405e-01 1.482920903054130990e-01 2.183900621452798327e-02 -2.288631522123692752e-01 1.117318769319554789e-01 4.223450476748324273e-02 6.951414556684386466e-03 -4.188990607277408990e-02 2.570702187976758868e-01 1.494646382569840004e-01 -1.206981817557737369e-01 -7.663080087061063805e-02 -1.565062288875043833e-18 4.369869815314976480e-02 -5.847838244629087467e-02 -3.969842444118449470e-02 -1.042436986048950881e-01 1.018437468102175725e-01 -1.495350794089384157e-02 0.000000000000000000e+00
1.713656631825117571e-01 9.867194829762736263e-02 1.138339635070670236e-01 4.106561926683082592e-02 -7.587531233441663359e-02 -2.997473673832954343e-03 -1.338520778249018273e-01 -1.490485679473057060e-02 -1.420512947426542417e-02 1.154652632460956979e-01 0.000000000000000000e+00 -5.339939798172651381e-02 3.825083086356498990e-02 2.085565903584325059e-02 -2.137695579058863649e-01 -7.825576674227948532e-03 5.346414649921635460e-03 1.300050543060740360e-01 -4.938922630378476952e-02 1.960926215854141147e-02 7.686981273952324389e-02 -4.336038104615658195e-02 -6.676516372780080810e-02 -5.337575157276751997e-02 -4.748460423518369167e-02 -4.369869815314977868e-02 2.448893845236254462e-17 -2.908310698004514666e-02 -1.948163078255100433e-01 -3.148894827827410092e-02 -4.767951217813282822e-02 -5.207153555753939178e-02 1.713656631825117571e-01 9.867194829762736263e-02 1.138339635070670236e-01 4.106561926683082592e-02 -7.587531233441663359e-02 -2.997473673832954343e-03 -1.338520778249018273e-01 -1.490485679473057060e-02 -1.420512947426542417e-02 1.154652632460956979e-01 -4.687137617471963114e-01 -5.339939798172651381e-02 3.825083086356498990e-02 2.085565903584325059e-02 -2.137695579058863649e-01 -7.825576674227948532e-03 5.346414649921635460e-03 1.300050543060740360e-01 -4.938922630378476952e-02 1.960926215854141147e-02 7.686981273952324389e-02 -4.336038104615658195e-02 -6.676516372780080810e-02 -5.337575157276751997e-02 -4.748460423518369167e-02 -4.369869815314977868e-02 2.448893845236254462e-17 -2.908310698004514666e-02 -1.948163078255100433e-01 -3.148894827827410092e-02 -4.767951217813282822e-02 -5.207153555753939178e-02 0.000000000000000000e+00
-2.261441639906547341e-02 8.607289789918548539e-02 -2.987435056200303252e-01 1.126959175927007145e-01 1.194831122670205609e-01 6.769431642908280145e-02 4.924380501071381339e-02 5.758909732429862843e-02 -1.076657899152751591e-01 9.235805000349985028e-02 -5.339939798172651381e-02 0.000000000000000000e+00 -1.372815523669829729e-01 -6.923888719231807709e-02 4.585745356922704685e-02 -3.206114695730251374e-02 2.557342593425265820e-01 2.192784668079236499e-01 -1.107936158075648048e-02 -5.552768862406531197e-02 -1.231606022723740063e-01 -5.517152417354821009e-02 2.377917765905711994e-02 -6.386352830863460672e-02 -6.324723728332150297e-02 5.847838244629088161e-02 2.908310698004513972e-02 3.230520064417922042e-17 9.481145360363211344e-03 -8.868650704396216500e-02 -3.802702738293114310e-02 -2.357161569947522142e-02 -2.261441639906547341e-02 8.607289789918548539e-02 -2.987435056200303252e-01 1.126959175927007145e-01 1.194831122670205609e-01 6.769431642908280145e-02 4.924380501071381339e-02 5.758909732429862843e-02 -1.076657899152751591e-01 9.235805000349985028e-02 -5.339939798172651381e-02 -6.355058783544956791e-01 -1.372815523669829729e-01 -6.923888719231807709e-02 4.585745356922704685e-02 -3.206114695730251374e-02 2.557342593425265820e-01 2.192784668079236499e-01 -1.107936158075648048e-02 -5.552768862406531197e-02 -1.231606022723740063e-01 -5.517152417354821009e-02 2.377917765905711994e-02 -6.386352830863460672e-02 -6.324723728332150297e-02 5.847838244629088161e-02 2.908310698004513972e-02 3.230520064417922042e-17 9.481145360363211344e-03 -8.868650704396216500e-02 -3.802702738293114310e-02 -2.357161569947522142e-02 0.000000000000000000e+00
-6.202981136586042249e-02 2.898515618030794161e-01 -2.273289539137212933e-01 -3.245950948833016547e-02 3.113496573649886939e-02 5.167579862447405775e-02 -2.125159646445115291e-01 1.455816659624097897e-01 -1.327142536994753708e-01 6.882268634193815238e-02 3.825083086356498990e-02 -1.372815523669829729e-01 0.000000000000000000e+00 -1.854468269029174166e-01 1.649034655886881251e-01 -2.353615488914678477e-01 6.321385509538646197e-03 8.936279587555544246e-02 -8.829530657622509937e-02 1.868521751611591786e-01 6.169858874109134667e-02 -3.152332999828623417e-02 -1.505128601864453020e-01 1.240149043275548812e-01 -3.641487444267756807e-02 3.969842444118450164e-02 1.948163078255100433e-01 -9.481145360363192262e-03 -8.108321253279371295e-18 9.501979627220477620e-02 4.256584746537047520e-02 5.501311536780469774e-02 -6.202981136586042249e-02 2.898515618030794161e-01 -2.273289539137212933e-01 -3.245950948833016547e-02 3.113496573649886939e-02 5.167579862447405775e-02 -2.125159646445115291e-01 1.455816659624097897e-01 -1.327142536994753708e-01 6.882268634193815238e-02 3.825083086356498990e-02 -1.372815523669829729e-01 -7.946376378961463871e-01 -1.854468269029174166e-01 1.649034655886881251e-01 -2.353615488914678477e-01 6.321385509538646197e-03 8.936279587555544246e-02 -8.829530657622509937e-02 1.868521751611591786e-01 6.169858874109134667e-02 -3.152332999828623417e-02 -1.505128601864453020e-01 1.240149043275548812e-01 -3.641487444267756807e-02 3.969842444118450164e-02 1.948163078255100433e-01 -9.481145360363192262e-03 -8.108321253279371295e-18 9.501979627220477620e-02 4.256584746537047520e-02 5.501311536780469774e-02 0.000000000000000000e+00
5.868843652528084841e-03 9.673117629611252544e-02 -2.778957792864456683e-02 2.689968542426263848e-02 -4.719645255033366738e-02 1.792571637201023985e-02 3.307363431981220209e-02 -9.871441321932175605e-02 -7.506109418584323845e-02 1.028603433221892405e-01 2.085565903584325059e-02 -6.923888719231807709e-02 -1.854468269029174166e-01 0.000000000000000000e+00 8.506946638974331384e-03 -1.185883908784569896e-01 7.639028828000093974e-02 9.560579565474988661e-02 -1.420331490475122416e-01 1.059724067663968261e-01 8.348173609047675192e-02 -7.877187925142108138e-02 -7.117919220478469144e-02 -7.036970906582278897e-03 -4.314115983578712538e-02 1.042436986048951020e-01 3.148894827827410786e-02 8.868650704396215112e-02 -9.501979627220476232e-02 -5.306485920338651931e-18 3.003381733127095769e-03 -2.837291049730290143e-02 5.868843652528084841e-03 9.673117629611252544e-02 -2.778957792864456683e-02 2.689968542426263848e-02 -4.719645255033366738e-02 1.792571637201023985e-02 3.307363431981220209e-02 -9.871441321932175605e-02 -7.506109418584323845e-02 1.028603433221892405e-01 2.085565903584325059e-02 -6.923888719231807709e-02 -1.854468269029174166e-01 -3.589290828260087718e-01 8.506946638974331384e-03 -1.185883908784569896e-01 7.639028828000093974e-02 9.560579565474988661e-02 -1.420331490475122416e-01 1.059724067663968261e-01 8.348173609047675192e-02 -7.877187925142108138e-02 -7.117919220478469144e-02 -7.036970906582278897e-03 -4.314115983578712538e-02 1.042436986048951020e-01 3.148894827827410786e-02 8.868650704396215112e-02 -9.501979627220476232e-02 -5.306485920338651931e-18 3.003381733127095769e-03 -2.837291049730290143e-02 0.000000000000000000e+00
2.506208610203312648e-01 2.420913397324022179e-02 1.118960200043726955e-01 1.796094476988781830e-01 -2.734770922007099050e-02 -1.506845404524803922e-01 5.284495519011611631e-03 -1.511805936970622363e-03 8.239803794755376498e-02 1.482920903054130990e-01 -2.137695579058863649e-01 4.585745356922704685e-02 1.649034655886881251e-01 8.506946638974331384e-03 0.000000000000000000e+00 1.350869010841908024e-01 8.901515526052278249e-02 1.094852534202508249e-02 1.401245920215253848e-01 -3.113042733719726882e-02 1.118384377201276092e-01 -1.040860256722043048e-01 6.129042034290110852e-02 8.776433773556963081e-02 -6.395118011126911528e-02 -1.018437468102175864e-01 4.767951217813283515e-02 3.802702738293115697e-02 -4.256584746537046826e-02 -3.003381733127081458e-03 -3.251771255715615883e-18 8.359739322525581995e-02 2.506208610203312648e-01 2.420913397324022179e-02 1.118960200043726955e-01 1.796094476988781830e-01 -2.734770922007099050e-02 -1.506845404524803922e-01 5.284495519011611631e-03 -1.511805936970622363e-03 8.239803794755376498e-02 1.482920903054130990e-01 -2.137695579058863649e-01 4.585745356922704685e-02 1.649034655886881251e-01 8.506946638974331384e-03 -5.805222255930918562e-01 1.350869010841908024e-01 8.901515526052278249e-02 1.094852534202508249e-02 1.401245920215253848e-01 -3.113042733719726882e-02 1.118384377201276092e-01 -1.040860256722043048e-01 6.129042034290110852e-02 8.776433773556963081e-02 -6.395118011126911528e-02 -1.018437468102175864e-01 4.767951217813283515e-02 3.802702738293115697e-02 -4.256584746537046826e-02 -3.003381733127081458e-03 -3.251771255715615883e-18 8.359739322525581995e-02 0.000000000000000000e+00
-4.458865963004718380e-02 -5.488097380999974999e-04 -1.553794705901263840e-01 -1.313562007603820414e-01 -4.989928656376779736e-02 -4.789975984039322732e-02 -5.310590516981095882e-02 4.937511382125432668e-02 1.610655428268911726e-01 2.183900621452798327e-02 -7.825576674227948532e-03 -3.206114695730251374e-02 -2.353615488914678477e-01 -1.185883908784569896e-01 1.350869010841908024e-01 0.000000000000000000e+00 7.236219253800429962e-02 -1.231178296345257495e-02 -1.572500775259012273e-01 6.213324576422950274e-02 -9.215778635925378492e-02 -4.333692144618755265e-02 -4.015453478274117610e-02 8.375613902106535807e-03 1.634219907110164849e-01 1.495350794089383463e-02 5.207153555753936403e-02 2.357161569947522142e-02 -5.501311536780469080e-02 2.837291049730289103e-02 -8.359739322525586158e-02 -5.608158674710087964e-18 -4.458865963004718380e-02 -5.488097380999974999e-04 -1.553794705901263840e-01 -1.313562007603820414e-01 -4.989928656376779736e-02 -4.789975984039322732e-02 -5.310590516981095882e-02 4.937511382125432668e-02 1.610655428268911726e-01 2.183900621452798327e-02 -7.825576674227948532e-03 -3.206114695730251374e-02 -2.353615488914678477e-01 -1.185883908784569896e-01 1.350869010841908024e-01 -5.460440117514824276e-01 7.236219253800429962e-02 -1.231178296345257495e-02 -1.572500775259012273e-01 6.213324576422950274e-02 -9.215778635925378492e-02 -4.333692144618755265e-02 -4.015453478274117610e-02 8.375613902106535807e-03 1.634219907110164849e-01 1.495350794089383463e-02 5.207153555753936403e-02 2.357161569947522142e-02 -5.501311536780469080e-02 2.837291049730289103e-02 -8.359739322525586158e-02 -5.608158674710087964e-18 0.000000000000000000e+00
3.170037161484576224e-17 -2.925759861462165143e-02 1.246154375547685739e-01 -4.006316221291742613e-02 -4.679422912926645139e-02 -9.409292339505175018e-02 -5.261179100341036724e-02 -7.302267525420809598e-03 -3.878273270233083964e-02 -2.288631522123692752e-01 5.346414649921635460e-03 2.557342593425265820e-01 6.321385509538646197e-03 7.639028828000093974e-02 8.901515526052278249e-02 7.236219253800429962e-02 0.000000000000000000e+00 -6.581623167015362985e-02 -1.115058718569662405e-01 7.559870525489704486e-04 1.449338582779197693e-01 2.623281442040453215e-01 2.398492555257330378e-02 5.548084816221992427e-02 2.893965833033039850e-02 -7.819401830481249871e-02 1.713656631825117571e-01 -2.261441639906549422e-02 -6.202981136586043637e-02 5.868843652528079637e-03 2.506208610203312093e-01 -4.458865963004718380e-02 3.170037161484576224e-17 -2.925759861462165143e-02 1.246154375547685739e-01 -4.006316221291742613e-02 -4.679422912926645139e-02 -9.409292339505175018e-02 -5.261179100341036724e-02 -7.302267525420809598e-03 -3.878273270233083964e-02 -2.288631522123692752e-01 5.346414649921635460e-03 2.557342593425265820e-01 6.321385509538646197e-03 7.639028828000093974e-02 8.901515526052278249e-02 7.236219253800429962e-02 -5.813164627157112463e-01 -6.581623167015362985e-02 -1.115058718569662405e-01 7.559870525489704486e-04 1.449338582779197693e-01 2.623281442040453215e-01 2.398492555257330378e-02 5.548084816221992427e-02 2.893965833033039850e-02 -7.819401830481249871e-02 1.713656631825117571e-01 -2.261441639906549422e-02 -6.202981136586043637e-02 5.868843652528079637e-03 2.506208610203312093e-01 -4.458865963004718380e-02 0.000000000000000000e+00
2.925759861462166531e-02 -1.709112532807178298e-17 5.693380539259639168e-04 -5.221892498813567735e-02 4.262813744161435270e-02 -5.042997284483879961e-02 -2.232382227547177467e-01 2.229958219893212190e-01 2.821397768840016029e-01 1.117318769319554789e-01 1.300050543060740360e-01 2.192784668079236499e-01 8.936279587555544246e-02 9.560579565474988661e-02 1.094852534202508249e-02 -1.231178296345257495e-02 -6.581623167015362985e-02 0.000000000000000000e+00 6.980436448403812277e-02 8.038956398119512931e-03 -1.537891263523278595e-01 -1.319987590124138688e-01 9.966822006013889568e-02 -1.159381569220141739e-01 3.045756275877935931e-02 -2.537392418072297873e-01 9.867194829762736263e-02 8.607289789918547152e-02 2.898515618030793606e-01 9.673117629611256707e-02 2.420913397324019403e-02 -5.488097380999961989e-04 2.925759861462166531e-02 -1.709112532807178298e-17 5.693380539259639168e-04 -5.221892498813567735e-02 4.262813744161435270e-02 -5.042997284483879961e-02 -2.232382227547177467e-01 2.229958219893212190e-01 2.821397768840016029e-01 1.117318769319554789e-01 1.300050543060740360e-01 2.192784668079236499e-01 8.936279587555544246e-02 9.560579565474988661e-02 1.094852534202508249e-02 -1.231178296345257495e-02 -6.581623167015362985e-02 -1.000000000000000000e+00 6.980436448403812277e-02 8.038956398119512931e-03 -1.537891263523278595e-01 -1.319987590124138688e-01 9.966822006013889568e-02 -1.159381569220141739e-01 3.045756275877935931e-02 -2.537392418072297873e-01 9.867194829762736263e-02 8.607289789918547152e-02 2.898515618030793606e-01 9.673117629611256707e-02 2.420913397324019403e-02 -5.488097380999961989e-04 0.000000000000000000e+00
-1.246154375547685600e-01 -5.693380539259406065e-04 -3.668706885290217395e-18 4.794205187205680119e-02 1.133296491459284128e-01 3.117479034053168008e-02 -9.532513882021723117e-02 -1.314462262359961109e-01 -6.023613697834760000e-02 4.223450476748324273e-02 -4.938922630378476952e-02 -1.107936158075648048e-02 -8.829530657622509937e-02 -1.420331490475122416e-01 1.401245920215253848e-01 -1.572500775259012273e-01 -1.115058718569662405e-01 6.980436448403812277e-02 0.000000000000000000e+00 1.142129590590287291e-01 -1.376671070182306465e-02 -5.749706047123046698e-02 6.665837313983401236e-02 5.573378629738631393e-03 9.486160256510922650e-02 1.559434787102315922e-01 1.138339635070669958e-01 -2.987435056200302697e-01 -2.273289539137213211e-01 -2.778957792864457377e-02 1.118960200043727093e-01 -1.553794705901263840e-01 -1.246154375547685600e-01 -5.693380539259406065e-04 -3.668706885290217395e-18 4.794205187205680119e-02 1.133296491459284128e-01 3.117479034053168008e-02 -9.532513882021723117e-02 -1.314462262359961109e-01 -6.023613697834760000e-02 4.223450476748324273e-02 -4.938922630378476952e-02 -1.107936158075648048e-02 -8.829530657622509937e-02 -1.420331490475122416e-01 1.401245920215253848e-01 -1.572500775259012273e-01 -1.115058718569662405e-01 6.980436448403812277e-02 -7.142396155645818201e-01 1.142129590590287291e-01 -1.376671070182306465e-02 -5.749706047123046698e-02 6.665837313983401236e-02 5.573378629738631393e-03 9.486160256510922650e-02 1.559434787102315922e-01 1.138339635070669958e-01 -2.987435056200302697e-01 -2.273289539137213211e-01 -2.778957792864457377e-02 1.118960200043727093e-01 -1.553794705901263840e-01 0.000000000000000000e+00
4.006316221291742613e-02 5.221892498813568428e-02 -4.794205187205677343e-02 -8.254347490814075274e-18 1.609759263752629788e-01 -5.153002493875755846e-02 -7.742505385608910475e-03 7.645007497426081766e-02 2.824616921980356923e-02 6.951414556684386466e-03 1.960926215854141147e-02 -5.552768862406531197e-02 1.868521751611591786e-01 1.059724067663968261e-01 -3.113042733719726882e-02 6.213324576422950274e-02 7.559870525489704486e-04 8.038956398119512931e-03 1.142129590590287291e-01 0.000000000000000000e+00 -1.195298972896324807e-01 2.756143906035040878e-02 8.553146401353840800e-02 1.370546441219317770e-02 1.547883412899558331e-01 -1.724696285315899524e-01 4.106561926683082592e-02 1.126959175927006729e-01 -3.245950948833015159e-02 2.689968542426263848e-02 1.796094476988781552e-01 -1.313562007603820136e-01 4.006316221291742613e-02 5.221892498813568428e-02 -4.794205187205677343e-02 -8.254347490814075274e-18 1.609759263752629788e-01 -5.153002493875755846e-02 -7.742505385608910475e-03 7.645007497426081766e-02 2.824616921980356923e-02 6.951414556684386466e-03 1.960926215854141147e-02 -5.552768862406531197e-02 1.868521751611591786e-01 1.059724067663968261e-01 -3.113042733719726882e-02 6.213324576422950274e-02 7.559870525489704486e-04 8.038956398119512931e-03 1.142129590590287291e-01 -3.976091139825546072e-01 -1.195298972896324807e-01 2.756143906035040878e-02 8.553146401353840800e-02 1.370546441219317770e-02 1.547883412899558331e-01 -1.724696285315899524e-01 4.106561926683082592e-02 1.126959175927006729e-01 -3.245950948833015159e-02 2.689968542426263848e-02 1.796094476988781552e-01 -1.313562007603820136e-01 0.000000000000000000e+00
4.679422912926647221e-02 -4.262813744161436658e-02 -1.133296491459284128e-01 -1.609759263752628677e-01 3.612940282080305647e-19 1.945398310293159488e-02 1.998802723680468893e-02 7.072315231519410439e-02 1.892987351187549738e-01 -4.188990607277408990e-02 7.686981273952324389e-02 -1.231606022723740063e-01 6.169858874109134667e-02 8.348173609047675192e-02 1.118384377201276092e-01 -9.215778635925378492e-02 1.449338582779197693e-01 -1.537891263523278595e-01 -1.376671070182306465e-02 -1.195298972896324807e-01 0.000000000000000000e+00 -3.854253961369542847e-02 4.630958126714504464e-02 -1.807213613712412847e-01 7.564870378827009967e-02 -9.686500116720382636e-02 -7.587531233441663359e-02 1.194831122670206164e-01 3.113496573649886245e-02 -4.719645255033369513e-02 -2.734770922007098357e-02 -4.989928656376779043e-02 4.679422912926647221e-02 -4.262813744161436658e-02 -1.133296491459284128e-01 -1.609759263752628677e-01 3.612940282080305647e-19 1.945398310293159488e-02 1.998802723680468893e-02 7.072315231519410439e-02 1.892987351187549738e-01 -4.188990607277408990e-02 7.686981273952324389e-02 -1.231606022723740063e-01 6.169858874109134667e-02 8.348173609047675192e-02 1.118384377201276092e-01 -9.215778635925378492e-02 1.449338582779197693e-01 -1.537891263523278595e-01 -1.376671070182306465e-02 -1.195298972896324807e-01 -4.839966481815935473e-01 -3.854253961369542847e-02 4.630958126714504464e-02 -1.807213613712412847e-01 7.564870378827009967e-02 -9.686500116720382636e-02 -7.587531233441663359e-02 1.194831122670206164e-01 3.113496573649886245e-02 -4.719645255033369513e-02 -2.734770922007098357e-02 -4.989928656376779043e-02 0.000000000000000000e+00
9.409292339505175018e-02 5.042997284483878573e-02 -3.117479034053170089e-02 5.153002493875755846e-02 -1.945398310293160529e-02 -3.607989354703204377e-18 -5.047118473906250097e-02 -7.063094324766087950e-02 4.625860104912521420e-02 2.570702187976758868e-01 -4.336038104615658195e-02 -5.517152417354821009e-02 -3.152332999828623417e-02 -7.877187925142108138e-02 -1.040860256722043048e-01 -4.333692144618755265e-02 2.623281442040453215e-01 -1.319987590124138688e-01 -5.749706047123046698e-02 2.756143906035040878e-02 -3.854253961369542847e-02 0.000000000000000000e+00 -4.621045252738495424e-02 4.490862353123401679e-02 6.686256854974817476e-02 -3.137871800657148847e-04 -2.997473673832963450e-03 6.769431642908281532e-02 5.167579862447405775e-02 1.792571637201023638e-02 -1.506845404524803922e-01 -4.789975984039324119e-02 9.409292339505175018e-02 5.042997284483878573e-02 -3.117479034053170089e-02 5.153002493875755846e-02 -1.945398310293160529e-02 -3.607989354703204377e-18 -5.047118473906250097e-02 -7.063094324766087950e-02 4.625860104912521420e-02 2.570702187976758868e-01 -4.336038104615658195e-02 -5.517152417354821009e-02 -3.152332999828623417e-02 -7.877187925142108138e-02 -1.040860256722043048e-01 -4.333692144618755265e-02 2.623281442040453215e-01 -1.319987590124138688e-01 -5.749706047123046698e-02 2.756143906035040878e-02 -3.854253961369542847e-02 -5.000498826111370310e-01 -4.621045252738495424e-02 4.490862353123401679e-02 6.686256854974817476e-02 -3.137871800657148847e-04 -2.997473673832963450e-03 6.769431642908281532e-02 5.167579862447405775e-02 1.792571637201023638e-02 -1.506845404524803922e-01 -4.789975984039324119e-02 0.000000000000000000e+00
5.261179100341038806e-02 2.232382227547177744e-01 9.532513882021720342e-02 7.742505385608872311e-03 -1.998802723680466464e-02 5.047118473906250791e-02 1.482527342782106742e-17 1.312355687667266235e-01 1.221202424949451200e-02 1.494646382569840004e-01 -6.676516372780080810e-02 2.377917765905711994e-02 -1.505128601864453020e-01 -7.117919220478469144e-02 6.129042034290110852e-02 -4.015453478274117610e-02 2.398492555257330378e-02 9.966822006013889568e-02 6.665837313983401236e-02 8.553146401353840800e-02 4.630958126714504464e-02 -4.621045252738495424e-02 0.000000000000000000e+00 1.661814862147399929e-01 -7.246769729341136224e-02 1.240943633833815896e-01 -1.338520778249017995e-01 4.924380501071380645e-02 -2.125159646445115569e-01 3.307363431981220903e-02 5.284495519011626376e-03 -5.310590516981101433e-02 5.261179100341038806e-02 2.232382227547177744e-01 9.532513882021720342e-02 7.742505385608872311e-03 -1.998802723680466464e-02 5.047118473906250791e-02 1.482527342782106742e-17 1.312355687667266235e-01 1.221202424949451200e-02 1.494646382569840004e-01 -6.676516372780080810e-02 2.377917765905711994e-02 -1.505128601864453020e-01 -7.117919220478469144e-02 6.129042034290110852e-02 -4.015453478274117610e-02 2.398492555257330378e-02 9.966822006013889568e-02 6.665837313983401236e-02 8.553146401353840800e-02 4.630958126714504464e-02 -4.621045252738495424e-02 -7.393950947996965617e-01 1.661814862147399929e-01 -7.246769729341136224e-02 1.240943633833815896e-01 -1.338520778249017995e-01 4.924380501071380645e-02 -2.125159646445115569e-01 3.307363431981220903e-02 5.284495519011626376e-03 -5.310590516981101433e-02 0.000000000000000000e+00
7.302267525420817404e-03 -2.229958219893212190e-01 1.314462262359961109e-01 -7.645007497426081766e-02 -7.072315231519409051e-02 7.063094324766089338e-02 -1.312355687667266235e-01 -9.738288976604092308e-19 -6.308773914282198025e-02 -1.206981817557737369e-01 -5.337575157276751997e-02 -6.386352830863460672e-02 1.240149043275548812e-01 -7.036970906582278897e-03 8.776433773556963081e-02 8.375613902106535807e-03 5.548084816221992427e-02 -1.159381569220141739e-01 5.573378629738631393e-03 1.370546441219317770e-02 -1.807213613712412847e-01 4.490862353123401679e-02 1.661814862147399929e-01 0.000000000000000000e+00 -2.451610959915854759e-01 -1.212337036295284831e-01 -1.490485679473056366e-02 5.758909732429862149e-02 1.455816659624097897e-01 -9.871441321932175605e-02 -1.511805936970621279e-03 4.937511382125433362e-02 7.302267525420817404e-03 -2.229958219893212190e-01 1.314462262359961109e-01 -7.645007497426081766e-02 -7.072315231519409051e-02 7.063094324766089338e-02 -1.312355687667266235e-01 -9.738288976604092308e-19 -6.308773914282198025e-02 -1.206981817557737369e-01 -5.337575157276751997e-02 -6.386352830863460672e-02 1.240149043275548812e-01 -7.036970906582278897e-03 8.776433773556963081e-02 8.375613902106535807e-03 5.548084816221992427e-02 -1.159381569220141739e-01 5.573378629738631393e-03 1.370546441219317770e-02 -1.807213613712412847e-01 4.490862353123401679e-02 1.661814862147399929e-01 -5.762689698897451862e-01 -2.451610959915854759e-01 -1.212337036295284831e-01 -1.490485679473056366e-02 5.758909732429862149e-02 1.455816659624097897e-01 -9.871441321932175605e-02 -1.511805936970621279e-03 4.937511382125433362e-02 0.000000000000000000e+00
