0.000000000000000000e+00 1.628076797921343757e-02 2.885321988343512722e-01 6.440549844937034892e-04 -9.443372984898842915e-02 -1.901289121414822536e-01 8.281879031890072851e-02 7.700672114438381066e-02 7.658904075022332503e-02 3.575314374403296136e-02 -6.593272253478910105e-02 -3.346306344857002610e-03 -1.054008321753711896e-01 -2.155473589409146948e-02 -6.098768986412636539e-02 2.944241149681277314e-02 -2.609937066940495710e-18 7.649565518279280441e-02 -7.941136187912630666e-04 -7.751065881200389085e-02 3.000632305001081912e-01 2.077839580576843759e-01 -2.501562205625792665e-02 6.109864537206442792e-02 -1.058941363611635902e-03 -1.668572468531788755e-01 1.448713223345766098e-02 2.728698245901778341e-02 8.878827593914480343e-02 -3.631199966836041321e-02 -1.105171879459039691e-01 1.140720347685017927e-01 -6.048877667203607089e-01 1.628076797921343757e-02 2.885321988343512722e-01 6.440549844937034892e-04 -9.443372984898842915e-02 -1.901289121414822536e-01 8.281879031890072851e-02 7.700672114438381066e-02 7.658904075022332503e-02 3.575314374403296136e-02 -6.593272253478910105e-02 -3.346306344857002610e-03 -1.054008321753711896e-01 -2.155473589409146948e-02 -6.098768986412636539e-02 2.944241149681277314e-02 -2.609937066940495710e-18 7.649565518279280441e-02 -7.941136187912630666e-04 -7.751065881200389085e-02 3.000632305001081912e-01 2.077839580576843759e-01 -2.501562205625792665e-02 6.109864537206442792e-02 -1.058941363611635902e-03 -1.668572468531788755e-01 1.448713223345766098e-02 2.728698245901778341e-02 8.878827593914480343e-02 -3.631199966836041321e-02 -1.105171879459039691e-01 1.140720347685017927e-01 0.000000000000000000e+00
1.628076797921343757e-02 0.000000000000000000e+00 -5.940938652307275677e-03 4.349268903757255722e-02 -3.560656004595392360e-02 -3.606817780016641217e-02 8.715312251512509489e-02 -1.445472176151759991e-01 -9.173889571129170695e-02 3.722794942374604843e-02 -2.033196607649605248e-02 -7.467388750543658624e-03 -6.894220003451896617e-02 -3.952355311533393284e-02 -1.800644449622891899e-02 -8.236358372361624047e-02 -7.649565518279283216e-02 -1.037862979708509533e-17 2.111185611516187485e-02 -3.884061951303744570e-02 1.326469571954769777e-01 8.062815952643093143e-02 5.896475743869439984e-02 -4.902631519510410735e-02 1.206383178779132093e-01 -3.128754777722070335e-02 -5.087561031422817986e-02 -3.436306867281795768e-02 1.337851186133956205e-01 -1.832206200080412073e-01 -9.339498547314546706e-02 -1.511820227006790140e-01 1.628076797921343757e-02 -4.192787077655642514e-01 -5.940938652307275677e-03 4.349268903757255722e-02 -3.560656004595392360e-02 -3.606817780016641217e-02 8.715312251512509489e-02 -1.445472176151759991e-01 -9.173889571129170695e-02 3.722794942374604843e-02 -2.033196607649605248e-02 -7.467388750543658624e-03 -6.894220003451896617e-02 -3.952355311533393284e-02 -1.800644449622891899e-02 -8.236358372361624047e-02 -7.649565518279283216e-02 -1.037862979708509533e-17 2.111185611516187485e-02 -3.884061951303744570e-02 1.326469571954769777e-01 8.062815952643093143e-02 5.896475743869439984e-02 -4.902631519510410735e-02 1.206383178779132093e-01 -3.128754777722070335e-02 -5.087561031422817986e-02 -3.436306867281795768e-02 1.337851186133956205e-01 -1.832206200080412073e-01 -9.339498547314546706e-02 -1.511820227006790140e-01 0.000000000000000000e+00
2.885321988343512722e-01 -5.940938652307275677e-03 0.000000000000000000e+00 1.385248437568371016e-01 -1.190686333525045465e-01 1.654049596157744495e-01 1.379185025732204140e-01 8.931849160527088882e-02 -1.464449779874990865e-01 -2.931531244660898206e-01 3.449820677243364136e-02 4.252072061780143471e-03 -3.041307330253321603e-02 2.211536722249978978e-02 -4.142551147246324901e-03 -1.234866605045303045e-01 7.941136187912906054e-04 -2.111185611516187832e-02 1.284185056900594021e-17 -5.918019369899778920e-02 -4.179792158198306073e-01 7.587340317343096996e-02 1.413073862104977790e-02 8.823599687259015001e-03 1.045635058458002226e-01 -4.765588033113447169e-02 4.701484875572286420e-02 -1.214965640850731443e-01 -3.255978785918878238e-02 -1.503365625291707697e-01 -2.244921546835272272e-02 -3.036070102073304758e-02 2.885321988343512722e-01 -5.940938652307275677e-03 -9.231872567337199298e-01 1.385248437568371016e-01 -1.190686333525045465e-01 1.654049596157744495e-01 1.379185025732204140e-01 8.931849160527088882e-02 -1.464449779874990865e-01 -2.931531244660898206e-01 3.449820677243364136e-02 4.252072061780143471e-03 -3.041307330253321603e-02 2.211536722249978978e-02 -4.142551147246324901e-03 -1.234866605045303045e-01 7.941136187912906054e-04 -2.111185611516187832e-02 1.284185056900594021e-17 -5.918019369899778920e-02 -4.179792158198306073e-01 7.587340317343096996e-02 1.413073862104977790e-02 8.823599687259015001e-03 1.045635058458002226e-01 -4.765588033113447169e-02 4.701484875572286420e-02 -1.214965640850731443e-01 -3.255978785918878238e-02 -1.503365625291707697e-01 -2.244921546835272272e-02 -3.036070102073304758e-02 0.000000000000000000e+00
6.440549844937034892e-04 4.349268903757255722e-02 1.385248437568371016e-01 0.000000000000000000e+00 -1.497544121617667111e-02 -2.277355687170625198e-01 -2.586458687815345048e-01 -2.325460852496591124e-01 -1.307980803933333491e-01 -2.005834410005169210e-01 -1.216600516911335861e-01 5.027429867211889031e-02 7.730463325866850088e-02 1.797239448571143761e-01 -1.314902280103192878e-01 -7.753082049883254501e-02 7.751065881200389085e-02 3.884061951303744570e-02 5.918019369899779614e-02 3.293808079147203574e-18 -4.907942153062810203e-02 2.321943385823423047e-04 -1.151821979400763103e-03 -2.267414508869701473e-01 -8.503375609654029166e-02 -6.665769478666937198e-02 1.287800624574219066e-01 5.877729611843569846e-02 -8.877073796390722027e-02 -1.837638000721656950e-01 -1.340776494394048390e-01 -9.716148351633052682e-02 6.440549844937034892e-04 4.349268903757255722e-02 1.385248437568371016e-01 -8.215559239716319073e-01 -1.497544121617667111e-02 -2.277355687170625198e-01 -2.586458687815345048e-01 -2.325460852496591124e-01 -1.307980803933333491e-01 -2.005834410005169210e-01 -1.216600516911335861e-01 5.027429867211889031e-02 7.730463325866850088e-02 1.797239448571143761e-01 -1.314902280103192878e-01 -7.753082049883254501e-02 7.751065881200389085e-02 3.884061951303744570e-02 5.918019369899779614e-02 3.293808079147203574e-18 -4.907942153062810203e-02 2.321943385823423047e-04 -1.151821979400763103e-03 -2.267414508869701473e-01 -8.503375609654029166e-02 -6.665769478666937198e-02 1.287800624574219066e-01 5.877729611843569846e-02 -8.877073796390722027e-02 -1.837638000721656950e-01 -1.340776494394048390e-01 -9.716148351633052682e-02 0.000000000000000000e+00
-9.443372984898842915e-02 -3.560656004595392360e-02 -1.190686333525045465e-01 -1.497544121617667111e-02 0.000000000000000000e+00 2.300052773670849260e-02 1.495643922112067370e-01 -5.369008937048345281e-02 -7.998954876567311578e-02 5.740091671125571726e-02 -1.460374238053594731e-01 3.816223611401513977e-02 -2.114709423361828544e-01 2.254442635260489342e-03 3.297466846050652045e-02 -5.277464168876607603e-02 -3.000632305001082467e-01 -1.326469571954769777e-01 4.179792158198307184e-01 4.907942153062808122e-02 1.600654323216079770e-17 -1.721755372986489771e-02 -1.913127569984226020e-02 -8.569693341184200785e-02 2.770374570141889148e-01 1.182751470766601615e-01 -1.026490969490020423e-02 -9.893833250508517196e-02 -9.757660319310983155e-02 -1.415383166485445487e-01 -2.406524325278926874e-02 4.244550151472191446e-02 -9.443372984898842915e-02 -3.560656004595392360e-02 -1.190686333525045465e-01 -1.497544121617667111e-02 -8.176069236017676767e-01 2.300052773670849260e-02 1.495643922112067370e-01 -5.369008937048345281e-02 -7.998954876567311578e-02 5.740091671125571726e-02 -1.460374238053594731e-01 3.816223611401513977e-02 -2.114709423361828544e-01 2.254442635260489342e-03 3.297466846050652045e-02 -5.277464168876607603e-02 -3.000632305001082467e-01 -1.326469571954769777e-01 4.179792158198307184e-01 4.907942153062808122e-02 1.600654323216079770e-17 -1.721755372986489771e-02 -1.913127569984226020e-02 -8.569693341184200785e-02 2.770374570141889148e-01 1.182751470766601615e-01 -1.026490969490020423e-02 -9.893833250508517196e-02 -9.757660319310983155e-02 -1.415383166485445487e-01 -2.406524325278926874e-02 4.244550151472191446e-02 0.000000000000000000e+00
-1.901289121414822536e-01 -3.606817780016641217e-02 1.654049596157744495e-01 -2.277355687170625198e-01 2.300052773670849260e-02 0.000000000000000000e+00 2.906587652093145166e-02 -3.075479629124763803e-01 -2.646209960656856763e-01 1.576290571747439584e-01 -9.989324199481688926e-02 4.804496126730302408e-02 4.453601280311282606e-02 2.137927234294698386e-01 1.872015824294018943e-02 -4.169035049170492085e-02 -2.077839580576843481e-01 -8.062815952643091755e-02 -7.587340317343088669e-02 -2.321943385823403260e-04 1.721755372986489771e-02 2.875477168456594160e-17 5.353816111282729689e-02 1.543700655793812104e-01 -2.366938473902674422e-01 3.384909419117706347e-02 4.847054365619085647e-02 -1.125960959207594897e-01 -5.118109775897042302e-02 -2.269328239613004339e-01 -1.309673531342477326e-01 -2.814125243128752507e-02 -1.901289121414822536e-01 -3.606817780016641217e-02 1.654049596157744495e-01 -2.277355687170625198e-01 2.300052773670849260e-02 -9.999999999999998890e-01 2.906587652093145166e-02 -3.075479629124763803e-01 -2.646209960656856763e-01 1.576290571747439584e-01 -9.989324199481688926e-02 4.804496126730302408e-02 4.453601280311282606e-02 2.137927234294698386e-01 1.872015824294018943e-02 -4.169035049170492085e-02 -2.077839580576843481e-01 -8.062815952643091755e-02 -7.587340317343088669e-02 -2.321943385823403260e-04 1.721755372986489771e-02 2.875477168456594160e-17 5.353816111282729689e-02 1.543700655793812104e-01 -2.366938473902674422e-01 3.384909419117706347e-02 4.847054365619085647e-02 -1.125960959207594897e-01 -5.118109775897042302e-02 -2.269328239613004339e-01 -1.309673531342477326e-01 -2.814125243128752507e-02 0.000000000000000000e+00
8.281879031890072851e-02 8.715312251512509489e-02 1.379185025732204140e-01 -2.586458687815345048e-01 1.495643922112067370e-01 2.906587652093145166e-02 0.000000000000000000e+00 9.712257510247032655e-02 -4.683745065871453700e-02 1.354863450874251585e-01 -3.534051993995105528e-02 2.459669643908476977e-02 -1.188093877368312790e-01 9.125644867598758925e-02 -3.986710193717701856e-02 1.409830652137663565e-01 2.501562205625793706e-02 -5.896475743869442759e-02 -1.413073862104977790e-02 1.151821979400741635e-03 1.913127569984225673e-02 -5.353816111282732465e-02 1.174684501630567262e-17 -1.393651679487485084e-01 -1.536038885236440943e-01 3.336691877172998782e-02 8.227438892636552981e-02 1.051277374249628832e-01 -8.386165623181644768e-02 1.531474175187370612e-01 5.307439428823038791e-02 -3.984049687806659641e-03 8.281879031890072851e-02 8.715312251512509489e-02 1.379185025732204140e-01 -2.586458687815345048e-01 1.495643922112067370e-01 2.906587652093145166e-02 -5.828222526154345218e-01 9.712257510247032655e-02 -4.683745065871453700e-02 1.354863450874251585e-01 -3.534051993995105528e-02 2.459669643908476977e-02 -1.188093877368312790e-01 9.125644867598758925e-02 -3.986710193717701856e-02 1.409830652137663565e-01 2.501562205625793706e-02 -5.896475743869442759e-02 -1.413073862104977790e-02 1.151821979400741635e-03 1.913127569984225673e-02 -5.353816111282732465e-02 1.174684501630567262e-17 -1.393651679487485084e-01 -1.536038885236440943e-01 3.336691877172998782e-02 8.227438892636552981e-02 1.051277374249628832e-01 -8.386165623181644768e-02 1.531474175187370612e-01 5.307439428823038791e-02 -3.984049687806659641e-03 0.000000000000000000e+00
7.700672114438381066e-02 -1.445472176151759991e-01 8.931849160527088882e-02 -2.325460852496591124e-01 -5.369008937048345281e-02 -3.075479629124763803e-01 9.712257510247032655e-02 0.000000000000000000e+00 -2.417976432960513011e-01 -2.772338443590571799e-02 3.734928797881700152e-02 7.807851532607260579e-03 1.489200130846267678e-01 5.934722737081481181e-02 -3.180048883770097978e-02 -1.108973782186010032e-01 -6.109864537206437934e-02 4.902631519510410041e-02 -8.823599687259025409e-03 2.267414508869701195e-01 8.569693341184198010e-02 -1.543700655793812382e-01 1.393651679487484807e-01 -8.691345779675967084e-18 -1.197044307230229893e-01 -5.329293339139179464e-02 1.555908146903501876e-01 -8.769667830832653110e-02 -1.927593784491818674e-01 -2.745701789876387466e-01 -1.315583992789934042e-01 -1.703344974508005649e-01 7.700672114438381066e-02 -1.445472176151759991e-01 8.931849160527088882e-02 -2.325460852496591124e-01 -5.369008937048345281e-02 -3.075479629124763803e-01 9.712257510247032655e-02 -8.486980381628874692e-01 -2.417976432960513011e-01 -2.772338443590571799e-02 3.734928797881700152e-02 7.807851532607260579e-03 1.489200130846267678e-01 5.934722737081481181e-02 -3.180048883770097978e-02 -1.108973782186010032e-01 -6.109864537206437934e-02 4.902631519510410041e-02 -8.823599687259025409e-03 2.267414508869701195e-01 8.569693341184198010e-02 -1.543700655793812382e-01 1.393651679487484807e-01 -8.691345779675967084e-18 -1.197044307230229893e-01 -5.329293339139179464e-02 1.555908146903501876e-01 -8.769667830832653110e-02 -1.927593784491818674e-01 -2.745701789876387466e-01 -1.315583992789934042e-01 -1.703344974508005649e-01 0.000000000000000000e+00
7.658904075022332503e-02 -9.173889571129170695e-02 -1.464449779874990865e-01 -1.307980803933333491e-01 -7.998954876567311578e-02 -2.646209960656856763e-01 -4.683745065871453700e-02 -2.417976432960513011e-01 0.000000000000000000e+00 -1.157113947469338155e-01 8.514886353039960443e-02 -1.284545544362830916e-01 -7.670023539769596499e-02 8.447136603155483425e-02 -1.280691040901970057e-01 2.544566870360208399e-02 1.058941363611664091e-03 -1.206383178779132370e-01 -1.045635058458002781e-01 8.503375609654029166e-02 -2.770374570141888593e-01 2.366938473902674422e-01 1.536038885236440665e-01 1.197044307230229754e-01 1.062863254152611196e-17 -2.354113452396685569e-01 -9.889667829705064625e-03 -2.681665020960976795e-02 -1.567347362096435659e-01 -1.904221017948427852e-01 -1.587935636698357411e-01 1.108647071084103430e-01 7.658904075022332503e-02 -9.173889571129170695e-02 -1.464449779874990865e-01 -1.307980803933333491e-01 -7.998954876567311578e-02 -2.646209960656856763e-01 -4.683745065871453700e-02 -2.417976432960513011e-01 -8.461174455982827247e-01 -1.157113947469338155e-01 8.514886353039960443e-02 -1.284545544362830916e-01 -7.670023539769596499e-02 8.447136603155483425e-02 -1.280691040901970057e-01 2.544566870360208399e-02 1.058941363611664091e-03 -1.206383178779132370e-01 -1.045635058458002781e-01 8.503375609654029166e-02 -2.770374570141888593e-01 2.366938473902674422e-01 1.536038885236440665e-01 1.197044307230229754e-01 1.062863254152611196e-17 -2.354113452396685569e-01 -9.889667829705064625e-03 -2.681665020960976795e-02 -1.567347362096435659e-01 -1.904221017948427852e-01 -1.587935636698357411e-01 1.108647071084103430e-01 0.000000000000000000e+00
3.575314374403296136e-02 3.722794942374604843e-02 -2.931531244660898206e-01 -2.005834410005169210e-01 5.740091671125571726e-02 1.576290571747439584e-01 1.354863450874251585e-01 -2.772338443590571799e-02 -1.157113947469338155e-01 0.000000000000000000e+00 1.801845410631360000e-01 -1.247812684473455641e-01 5.867407603896838617e-03 -3.494668323107032182e-02 -1.125887270474371926e-01 2.962604911919016967e-02 1.668572468531788200e-01 3.128754777722072417e-02 4.765588033113446476e-02 6.665769478666937198e-02 -1.182751470766600921e-01 -3.384909419117705653e-02 -3.336691877172999476e-02 5.329293339139178770e-02 2.354113452396685291e-01 -1.547401359825341288e-17 7.239724089477839186e-02 1.201739571397401202e-01 5.568432727178275476e-02 -7.908605738391326356e-02 -8.379130550987394510e-02 1.839271478507201185e-01 3.575314374403296136e-02 3.722794942374604843e-02 -2.931531244660898206e-01 -2.005834410005169210e-01 5.740091671125571726e-02 1.576290571747439584e-01 1.354863450874251585e-01 -2.772338443590571799e-02 -1.157113947469338155e-01 -8.916616555287082413e-01 1.801845410631360000e-01 -1.247812684473455641e-01 5.867407603896838617e-03 -3.494668323107032182e-02 -1.125887270474371926e-01 2.962604911919016967e-02 1.668572468531788200e-01 3.128754777722072417e-02 4.765588033113446476e-02 6.665769478666937198e-02 -1.182751470766600921e-01 -3.384909419117705653e-02 -3.336691877172999476e-02 5.329293339139178770e-02 2.354113452396685291e-01 -1.547401359825341288e-17 7.239724089477839186e-02 1.201739571397401202e-01 5.568432727178275476e-02 -7.908605738391326356e-02 -8.379130550987394510e-02 1.839271478507201185e-01 0.000000000000000000e+00
-6.593272253478910105e-02 -2.033196607649605248e-02 3.449820677243364136e-02 -1.216600516911335861e-01 -1.460374238053594731e-01 -9.989324199481688926e-02 -3.534051993995105528e-02 3.734928797881700152e-02 8.514886353039960443e-02 1.801845410631360000e-01 0.000000000000000000e+00 8.463633217411978271e-02 8.331428717625462624e-03 7.040964289209403204e-02 -2.534536643748153822e-02 5.814759815473642679e-03 -1.448713223345766618e-02 5.087561031422817986e-02 -4.701484875572286420e-02 -1.287800624574219344e-01 1.026490969490019556e-02 -4.847054365619082872e-02 -8.227438892636552981e-02 -1.555908146903501876e-01 9.889667829705109728e-03 -7.239724089477836411e-02 -9.601561320066211771e-18 -1.018586048272444727e-01 6.193251713330864827e-02 -1.032070268657255853e-02 6.587274709389272231e-02 1.685442216064669471e-02 -6.593272253478910105e-02 -2.033196607649605248e-02 3.449820677243364136e-02 -1.216600516911335861e-01 -1.460374238053594731e-01 -9.989324199481688926e-02 -3.534051993995105528e-02 3.734928797881700152e-02 8.514886353039960443e-02 1.801845410631360000e-01 -4.471000854962908222e-01 8.463633217411978271e-02 8.331428717625462624e-03 7.040964289209403204e-02 -2.534536643748153822e-02 5.814759815473642679e-03 -1.448713223345766618e-02 5.087561031422817986e-02 -4.701484875572286420e-02 -1.287800624574219344e-01 1.026490969490019556e-02 -4.847054365619082872e-02 -8.227438892636552981e-02 -1.555908146903501876e-01 9.889667829705109728e-03 -7.239724089477836411e-02 -9.601561320066211771e-18 -1.018586048272444727e-01 6.193251713330864827e-02 -1.032070268657255853e-02 6.587274709389272231e-02 1.685442216064669471e-02 0.000000000000000000e+00
-3.346306344857002610e-03 -7.467388750543658624e-03 4.252072061780143471e-03 5.027429867211889031e-02 3.816223611401513977e-02 4.804496126730302408e-02 2.459669643908476977e-02 7.807851532607260579e-03 -1.284545544362830916e-01 -1.247812684473455641e-01 8.463633217411978271e-02 0.000000000000000000e+00 -4.739618520438020066e-02 -1.638260463949991752e-01 1.065016972821749425e-01 4.171058368117542409e-02 -2.728698245901777300e-02 3.436306867281796462e-02 1.214965640850731582e-01 -5.877729611843567764e-02 9.893833250508515809e-02 1.125960959207595175e-01 -1.051277374249628832e-01 8.769667830832653110e-02 2.681665020960977142e-02 -1.201739571397401479e-01 1.018586048272444311e-01 1.583180645280966185e-18 6.294390819679297061e-03 -2.334654939624465284e-02 -1.252661267233264875e-01 1.403687508588067900e-01 -3.346306344857002610e-03 -7.467388750543658624e-03 4.252072061780143471e-03 5.027429867211889031e-02 3.816223611401513977e-02 4.804496126730302408e-02 2.459669643908476977e-02 7.807851532607260579e-03 -1.284545544362830916e-01 -1.247812684473455641e-01 8.463633217411978271e-02 -3.607202158911246848e-01 -4.739618520438020066e-02 -1.638260463949991752e-01 1.065016972821749425e-01 4.171058368117542409e-02 -2.728698245901777300e-02 3.436306867281796462e-02 1.214965640850731582e-01 -5.877729611843567764e-02 9.893833250508515809e-02 1.125960959207595175e-01 -1.051277374249628832e-01 8.769667830832653110e-02 2.681665020960977142e-02 -1.201739571397401479e-01 1.018586048272444311e-01 1.583180645280966185e-18 6.294390819679297061e-03 -2.334654939624465284e-02 -1.252661267233264875e-01 1.403687508588067900e-01 0.000000000000000000e+00
-1.054008321753711896e-01 -6.894220003451896617e-02 -3.041307330253321603e-02 7.730463325866850088e-02 -2.114709423361828544e-01 4.453601280311282606e-02 -1.188093877368312790e-01 1.489200130846267678e-01 -7.670023539769596499e-02 5.867407603896838617e-03 8.331428717625462624e-03 -4.739618520438020066e-02 0.000000000000000000e+00 -4.107656143529558879e-02 -2.100025820974755694e-02 -2.285728656624929911e-01 -8.878827593914480343e-02 -1.337851186133956205e-01 3.255978785918879626e-02 8.877073796390727578e-02 9.757660319310983155e-02 5.118109775897046465e-02 8.386165623181644768e-02 1.927593784491818674e-01 1.567347362096435659e-01 -5.568432727178276864e-02 -6.193251713330864827e-02 -6.294390819679290122e-03 -1.824252833027027436e-18 -1.797246355036717647e-01 -7.322814414106053327e-02 -7.591721909697889126e-03 -1.054008321753711896e-01 -6.894220003451896617e-02 -3.041307330253321603e-02 7.730463325866850088e-02 -2.114709423361828544e-01 4.453601280311282606e-02 -1.188093877368312790e-01 1.489200130846267678e-01 -7.670023539769596499e-02 5.867407603896838617e-03 8.331428717625462624e-03 -4.739618520438020066e-02 -7.053680893474117974e-01 -4.107656143529558879e-02 -2.100025820974755694e-02 -2.285728656624929911e-01 -8.878827593914480343e-02 -1.337851186133956205e-01 3.255978785918879626e-02 8.877073796390727578e-02 9.757660319310983155e-02 5.118109775897046465e-02 8.386165623181644768e-02 1.927593784491818674e-01 1.567347362096435659e-01 -5.568432727178276864e-02 -6.193251713330864827e-02 -6.294390819679290122e-03 -1.824252833027027436e-18 -1.797246355036717647e-01 -7.322814414106053327e-02 -7.591721909697889126e-03 0.000000000000000000e+00
-2.155473589409146948e-02 -3.952355311533393284e-02 2.211536722249978978e-02 1.797239448571143761e-01 2.254442635260489342e-03 2.137927234294698386e-01 9.125644867598758925e-02 5.934722737081481181e-02 8.447136603155483425e-02 -3.494668323107032182e-02 7.040964289209403204e-02 -1.638260463949991752e-01 -4.107656143529558879e-02 0.000000000000000000e+00 -7.416488062714760021e-02 -1.360444157437849244e-01 3.631199966836040627e-02 1.832206200080412073e-01 1.503365625291707697e-01 1.837638000721656673e-01 1.415383166485445487e-01 2.269328239613003784e-01 -1.531474175187370612e-01 2.745701789876388021e-01 1.904221017948427019e-01 7.908605738391323581e-02 1.032070268657255159e-02 2.334654939624465977e-02 1.797246355036717647e-01 -2.148164331396539802e-18 3.589300518220606140e-02 1.693360997615692420e-01 -2.155473589409146948e-02 -3.952355311533393284e-02 2.211536722249978978e-02 1.797239448571143761e-01 2.254442635260489342e-03 2.137927234294698386e-01 9.125644867598758925e-02 5.934722737081481181e-02 8.447136603155483425e-02 -3.494668323107032182e-02 7.040964289209403204e-02 -1.638260463949991752e-01 -4.107656143529558879e-02 -5.498509052068389913e-01 -7.416488062714760021e-02 -1.360444157437849244e-01 3.631199966836040627e-02 1.832206200080412073e-01 1.503365625291707697e-01 1.837638000721656673e-01 1.415383166485445487e-01 2.269328239613003784e-01 -1.531474175187370612e-01 2.745701789876388021e-01 1.904221017948427019e-01 7.908605738391323581e-02 1.032070268657255159e-02 2.334654939624465977e-02 1.797246355036717647e-01 -2.148164331396539802e-18 3.589300518220606140e-02 1.693360997615692420e-01 0.000000000000000000e+00
-6.098768986412636539e-02 -1.800644449622891899e-02 -4.142551147246324901e-03 -1.314902280103192878e-01 3.297466846050652045e-02 1.872015824294018943e-02 -3.986710193717701856e-02 -3.180048883770097978e-02 -1.280691040901970057e-01 -1.125887270474371926e-01 -2.534536643748153822e-02 1.065016972821749425e-01 -2.100025820974755694e-02 -7.416488062714760021e-02 0.000000000000000000e+00 -1.162758740571620542e-01 1.105171879459039691e-01 9.339498547314549481e-02 2.244921546835269496e-02 1.340776494394048390e-01 2.406524325278926874e-02 1.309673531342477326e-01 -5.307439428823040178e-02 1.315583992789933765e-01 1.587935636698357411e-01 8.379130550987400061e-02 -6.587274709389273619e-02 1.252661267233264875e-01 7.322814414106051939e-02 -3.589300518220601977e-02 1.058379649521005935e-18 1.044202606163765201e-01 -6.098768986412636539e-02 -1.800644449622891899e-02 -4.142551147246324901e-03 -1.314902280103192878e-01 3.297466846050652045e-02 1.872015824294018943e-02 -3.986710193717701856e-02 -3.180048883770097978e-02 -1.280691040901970057e-01 -1.125887270474371926e-01 -2.534536643748153822e-02 1.065016972821749425e-01 -2.100025820974755694e-02 -7.416488062714760021e-02 -4.920195372702793057e-01 -1.162758740571620542e-01 1.105171879459039691e-01 9.339498547314549481e-02 2.244921546835269496e-02 1.340776494394048390e-01 2.406524325278926874e-02 1.309673531342477326e-01 -5.307439428823040178e-02 1.315583992789933765e-01 1.587935636698357411e-01 8.379130550987400061e-02 -6.587274709389273619e-02 1.252661267233264875e-01 7.322814414106051939e-02 -3.589300518220601977e-02 1.058379649521005935e-18 1.044202606163765201e-01 0.000000000000000000e+00
2.944241149681277314e-02 -8.236358372361624047e-02 -1.234866605045303045e-01 -7.753082049883254501e-02 -5.277464168876607603e-02 -4.169035049170492085e-02 1.409830652137663565e-01 -1.108973782186010032e-01 2.544566870360208399e-02 2.962604911919016967e-02 5.814759815473642679e-03 4.171058368117542409e-02 -2.285728656624929911e-01 -1.360444157437849244e-01 -1.162758740571620542e-01 0.000000000000000000e+00 -1.140720347685017511e-01 1.511820227006790140e-01 3.036070102073308227e-02 9.716148351633055458e-02 -4.244550151472191446e-02 2.814125243128754589e-02 3.984049687806645763e-03 1.703344974508005927e-01 -1.108647071084102875e-01 -1.839271478507201185e-01 -1.685442216064670859e-02 -1.403687508588067900e-01 7.591721909697857033e-03 -1.693360997615691310e-01 -1.044202606163765340e-01 8.220283871607868895e-18 2.944241149681277314e-02 -8.236358372361624047e-02 -1.234866605045303045e-01 -7.753082049883254501e-02 -5.277464168876607603e-02 -4.169035049170492085e-02 1.409830652137663565e-01 -1.108973782186010032e-01 2.544566870360208399e-02 2.962604911919016967e-02 5.814759815473642679e-03 4.171058368117542409e-02 -2.285728656624929911e-01 -1.360444157437849244e-01 -1.162758740571620542e-01 -6.825572615346247041e-01 -1.140720347685017511e-01 1.511820227006790140e-01 3.036070102073308227e-02 9.716148351633055458e-02 -4.244550151472191446e-02 2.814125243128754589e-02 3.984049687806645763e-03 1.703344974508005927e-01 -1.108647071084102875e-01 -1.839271478507201185e-01 -1.685442216064670859e-02 -1.403687508588067900e-01 7.591721909697857033e-03 -1.693360997615691310e-01 -1.044202606163765340e-01 8.220283871607868895e-18 0.000000000000000000e+00
-2.609937066940495710e-18 -7.649565518279283216e-02 7.941136187912906054e-04 7.751065881200389085e-02 -3.000632305001082467e-01 -2.077839580576843481e-01 2.501562205625793706e-02 -6.109864537206437934e-02 1.058941363611664091e-03 1.668572468531788200e-01 -1.448713223345766618e-02 -2.728698245901777300e-02 -8.878827593914480343e-02 3.631199966836040627e-02 1.105171879459039691e-01 -1.140720347685017511e-01 0.000000000000000000e+00 1.628076797921345839e-02 2.885321988343513278e-01 6.440549844937137891e-04 -9.443372984898844302e-02 -1.901289121414823091e-01 8.281879031890075626e-02 7.700672114438383842e-02 7.658904075022333890e-02 3.575314374403296830e-02 -6.593272253478908718e-02 -3.346306344857003477e-03 -1.054008321753711619e-01 -2.155473589409149723e-02 -6.098768986412634457e-02 2.944241149681271763e-02 -2.609937066940495710e-18 -7.649565518279283216e-02 7.941136187912906054e-04 7.751065881200389085e-02 -3.000632305001082467e-01 -2.077839580576843481e-01 2.501562205625793706e-02 -6.109864537206437934e-02 1.058941363611664091e-03 1.668572468531788200e-01 -1.448713223345766618e-02 -2.728698245901777300e-02 -8.878827593914480343e-02 3.631199966836040627e-02 1.105171879459039691e-01 -1.140720347685017511e-01 -6.048877667203604869e-01 1.628076797921345839e-02 2.885321988343513278e-01 6.440549844937137891e-04 -9.443372984898844302e-02 -1.901289121414823091e-01 8.281879031890075626e-02 7.700672114438383842e-02 7.658904075022333890e-02 3.575314374403296830e-02 -6.593272253478908718e-02 -3.346306344857003477e-03 -1.054008321753711619e-01 -2.155473589409149723e-02 -6.098768986412634457e-02 2.944241149681271763e-02 0.000000000000000000e+00
7.649565518279280441e-02 -1.037862979708509533e-17 -2.111185611516187832e-02 3.884061951303744570e-02 -1.326469571954769777e-01 -8.062815952643091755e-02 -5.896475743869442759e-02 4.902631519510410041e-02 -1.206383178779132370e-01 3.128754777722072417e-02 5.087561031422817986e-02 3.436306867281796462e-02 -1.337851186133956205e-01 1.832206200080412073e-01 9.339498547314549481e-02 1.511820227006790140e-01 1.628076797921345839e-02 0.000000000000000000e+00 -5.940938652307273943e-03 4.349268903757256416e-02 -3.560656004595395829e-02 -3.606817780016641217e-02 8.715312251512509489e-02 -1.445472176151759713e-01 -9.173889571129167919e-02 3.722794942374604843e-02 -2.033196607649605941e-02 -7.467388750543672502e-03 -6.894220003451895229e-02 -3.952355311533393284e-02 -1.800644449622892246e-02 -8.236358372361624047e-02 7.649565518279280441e-02 -1.037862979708509533e-17 -2.111185611516187832e-02 3.884061951303744570e-02 -1.326469571954769777e-01 -8.062815952643091755e-02 -5.896475743869442759e-02 4.902631519510410041e-02 -1.206383178779132370e-01 3.128754777722072417e-02 5.087561031422817986e-02 3.436306867281796462e-02 -1.337851186133956205e-01 1.832206200080412073e-01 9.339498547314549481e-02 1.511820227006790140e-01 1.628076797921345839e-02 -4.192787077655643069e-01 -5.940938652307273943e-03 4.349268903757256416e-02 -3.560656004595395829e-02 -3.606817780016641217e-02 8.715312251512509489e-02 -1.445472176151759713e-01 -9.173889571129167919e-02 3.722794942374604843e-02 -2.033196607649605941e-02 -7.467388750543672502e-03 -6.894220003451895229e-02 -3.952355311533393284e-02 -1.800644449622892246e-02 -8.236358372361624047e-02 0.000000000000000000e+00
-7.941136187912630666e-04 2.111185611516187485e-02 1.284185056900594021e-17 5.918019369899779614e-02 4.179792158198307184e-01 -7.587340317343088669e-02 -1.413073862104977790e-02 -8.823599687259025409e-03 -1.045635058458002781e-01 4.765588033113446476e-02 -4.701484875572286420e-02 1.214965640850731582e-01 3.255978785918879626e-02 1.503365625291707697e-01 2.244921546835269496e-02 3.036070102073308227e-02 2.885321988343513278e-01 -5.940938652307273943e-03 0.000000000000000000e+00 1.385248437568371016e-01 -1.190686333525045187e-01 1.654049596157744773e-01 1.379185025732203862e-01 8.931849160527093046e-02 -1.464449779874990865e-01 -2.931531244660898206e-01 3.449820677243364136e-02 4.252072061780144338e-03 -3.041307330253319521e-02 2.211536722249974815e-02 -4.142551147246308421e-03 -1.234866605045303184e-01 -7.941136187912630666e-04 2.111185611516187485e-02 1.284185056900594021e-17 5.918019369899779614e-02 4.179792158198307184e-01 -7.587340317343088669e-02 -1.413073862104977790e-02 -8.823599687259025409e-03 -1.045635058458002781e-01 4.765588033113446476e-02 -4.701484875572286420e-02 1.214965640850731582e-01 3.255978785918879626e-02 1.503365625291707697e-01 2.244921546835269496e-02 3.036070102073308227e-02 2.885321988343513278e-01 -5.940938652307273943e-03 -9.231872567337200408e-01 1.385248437568371016e-01 -1.190686333525045187e-01 1.654049596157744773e-01 1.379185025732203862e-01 8.931849160527093046e-02 -1.464449779874990865e-01 -2.931531244660898206e-01 3.449820677243364136e-02 4.252072061780144338e-03 -3.041307330253319521e-02 2.211536722249974815e-02 -4.142551147246308421e-03 -1.234866605045303184e-01 0.000000000000000000e+00
-7.751065881200389085e-02 -3.884061951303744570e-02 -5.918019369899778920e-02 3.293808079147203574e-18 4.907942153062808122e-02 -2.321943385823403260e-04 1.151821979400741635e-03 2.267414508869701195e-01 8.503375609654029166e-02 6.665769478666937198e-02 -1.287800624574219344e-01 -5.877729611843567764e-02 8.877073796390727578e-02 1.837638000721656673e-01 1.340776494394048390e-01 9.716148351633055458e-02 6.440549844937137891e-04 4.349268903757256416e-02 1.385248437568371016e-01 0.000000000000000000e+00 -1.497544121617667978e-02 -2.277355687170625476e-01 -2.586458687815345048e-01 -2.325460852496590847e-01 -1.307980803933333769e-01 -2.005834410005169766e-01 -1.216600516911336277e-01 5.027429867211888337e-02 7.730463325866852864e-02 1.797239448571143206e-01 -1.314902280103192878e-01 -7.753082049883255888e-02 -7.751065881200389085e-02 -3.884061951303744570e-02 -5.918019369899778920e-02 3.293808079147203574e-18 4.907942153062808122e-02 -2.321943385823403260e-04 1.151821979400741635e-03 2.267414508869701195e-01 8.503375609654029166e-02 6.665769478666937198e-02 -1.287800624574219344e-01 -5.877729611843567764e-02 8.877073796390727578e-02 1.837638000721656673e-01 1.340776494394048390e-01 9.716148351633055458e-02 6.440549844937137891e-04 4.349268903757256416e-02 1.385248437568371016e-01 -8.215559239716322404e-01 -1.497544121617667978e-02 -2.277355687170625476e-01 -2.586458687815345048e-01 -2.325460852496590847e-01 -1.307980803933333769e-01 -2.005834410005169766e-01 -1.216600516911336277e-01 5.027429867211888337e-02 7.730463325866852864e-02 1.797239448571143206e-01 -1.314902280103192878e-01 -7.753082049883255888e-02 0.000000000000000000e+00
3.000632305001081912e-01 1.326469571954769777e-01 -4.179792158198306073e-01 -4.907942153062810203e-02 1.600654323216079770e-17 1.721755372986489771e-02 1.913127569984225673e-02 8.569693341184198010e-02 -2.770374570141888593e-01 -1.182751470766600921e-01 1.026490969490019556e-02 9.893833250508515809e-02 9.757660319310983155e-02 1.415383166485445487e-01 2.406524325278926874e-02 -4.244550151472191446e-02 -9.443372984898844302e-02 -3.560656004595395829e-02 -1.190686333525045187e-01 -1.497544121617667978e-02 0.000000000000000000e+00 2.300052773670848913e-02 1.495643922112067092e-01 -5.369008937048346669e-02 -7.998954876567308803e-02 5.740091671125568951e-02 -1.460374238053595009e-01 3.816223611401513977e-02 -2.114709423361828822e-01 2.254442635260482403e-03 3.297466846050651351e-02 -5.277464168876606909e-02 3.000632305001081912e-01 1.326469571954769777e-01 -4.179792158198306073e-01 -4.907942153062810203e-02 1.600654323216079770e-17 1.721755372986489771e-02 1.913127569984225673e-02 8.569693341184198010e-02 -2.770374570141888593e-01 -1.182751470766600921e-01 1.026490969490019556e-02 9.893833250508515809e-02 9.757660319310983155e-02 1.415383166485445487e-01 2.406524325278926874e-02 -4.244550151472191446e-02 -9.443372984898844302e-02 -3.560656004595395829e-02 -1.190686333525045187e-01 -1.497544121617667978e-02 -8.176069236017674546e-01 2.300052773670848913e-02 1.495643922112067092e-01 -5.369008937048346669e-02 -7.998954876567308803e-02 5.740091671125568951e-02 -1.460374238053595009e-01 3.816223611401513977e-02 -2.114709423361828822e-01 2.254442635260482403e-03 3.297466846050651351e-02 -5.277464168876606909e-02 0.000000000000000000e+00
2.077839580576843759e-01 8.062815952643093143e-02 7.587340317343096996e-02 2.321943385823423047e-04 -1.721755372986489771e-02 2.875477168456594160e-17 -5.353816111282732465e-02 -1.543700655793812382e-01 2.366938473902674422e-01 -3.384909419117705653e-02 -4.847054365619082872e-02 1.125960959207595175e-01 5.118109775897046465e-02 2.269328239613003784e-01 1.309673531342477326e-01 2.814125243128754589e-02 -1.901289121414823091e-01 -3.606817780016641217e-02 1.654049596157744773e-01 -2.277355687170625476e-01 2.300052773670848913e-02 0.000000000000000000e+00 2.906587652093145513e-02 -3.075479629124763803e-01 -2.646209960656856763e-01 1.576290571747440139e-01 -9.989324199481687538e-02 4.804496126730301020e-02 4.453601280311286770e-02 2.137927234294698942e-01 1.872015824294022066e-02 -4.169035049170494167e-02 2.077839580576843759e-01 8.062815952643093143e-02 7.587340317343096996e-02 2.321943385823423047e-04 -1.721755372986489771e-02 2.875477168456594160e-17 -5.353816111282732465e-02 -1.543700655793812382e-01 2.366938473902674422e-01 -3.384909419117705653e-02 -4.847054365619082872e-02 1.125960959207595175e-01 5.118109775897046465e-02 2.269328239613003784e-01 1.309673531342477326e-01 2.814125243128754589e-02 -1.901289121414823091e-01 -3.606817780016641217e-02 1.654049596157744773e-01 -2.277355687170625476e-01 2.300052773670848913e-02 -1.000000000000000000e+00 2.906587652093145513e-02 -3.075479629124763803e-01 -2.646209960656856763e-01 1.576290571747440139e-01 -9.989324199481687538e-02 4.804496126730301020e-02 4.453601280311286770e-02 2.137927234294698942e-01 1.872015824294022066e-02 -4.169035049170494167e-02 0.000000000000000000e+00
-2.501562205625792665e-02 5.896475743869439984e-02 1.413073862104977790e-02 -1.151821979400763103e-03 -1.913127569984226020e-02 5.353816111282729689e-02 1.174684501630567262e-17 1.393651679487484807e-01 1.536038885236440665e-01 -3.336691877172999476e-02 -8.227438892636552981e-02 -1.051277374249628832e-01 8.386165623181644768e-02 -1.531474175187370612e-01 -5.307439428823040178e-02 3.984049687806645763e-03 8.281879031890075626e-02 8.715312251512509489e-02 1.379185025732203862e-01 -2.586458687815345048e-01 1.495643922112067092e-01 2.906587652093145513e-02 0.000000000000000000e+00 9.712257510247034042e-02 -4.683745065871453006e-02 1.354863450874251030e-01 -3.534051993995107610e-02 2.459669643908476630e-02 -1.188093877368312790e-01 9.125644867598761700e-02 -3.986710193717701856e-02 1.409830652137663565e-01 -2.501562205625792665e-02 5.896475743869439984e-02 1.413073862104977790e-02 -1.151821979400763103e-03 -1.913127569984226020e-02 5.353816111282729689e-02 1.174684501630567262e-17 1.393651679487484807e-01 1.536038885236440665e-01 -3.336691877172999476e-02 -8.227438892636552981e-02 -1.051277374249628832e-01 8.386165623181644768e-02 -1.531474175187370612e-01 -5.307439428823040178e-02 3.984049687806645763e-03 8.281879031890075626e-02 8.715312251512509489e-02 1.379185025732203862e-01 -2.586458687815345048e-01 1.495643922112067092e-01 2.906587652093145513e-02 -5.828222526154344107e-01 9.712257510247034042e-02 -4.683745065871453006e-02 1.354863450874251030e-01 -3.534051993995107610e-02 2.459669643908476630e-02 -1.188093877368312790e-01 9.125644867598761700e-02 -3.986710193717701856e-02 1.409830652137663565e-01 0.000000000000000000e+00
6.109864537206442792e-02 -4.902631519510410735e-02 8.823599687259015001e-03 -2.267414508869701473e-01 -8.569693341184200785e-02 1.543700655793812104e-01 -1.393651679487485084e-01 -8.691345779675967084e-18 1.197044307230229754e-01 5.329293339139178770e-02 -1.555908146903501876e-01 8.769667830832653110e-02 1.927593784491818674e-01 2.745701789876388021e-01 1.315583992789933765e-01 1.703344974508005927e-01 7.700672114438383842e-02 -1.445472176151759713e-01 8.931849160527093046e-02 -2.325460852496590847e-01 -5.369008937048346669e-02 -3.075479629124763803e-01 9.712257510247034042e-02 0.000000000000000000e+00 -2.417976432960513566e-01 -2.772338443590573881e-02 3.734928797881698070e-02 7.807851532607256242e-03 1.489200130846267400e-01 5.934722737081481875e-02 -3.180048883770097284e-02 -1.108973782186010587e-01 6.109864537206442792e-02 -4.902631519510410735e-02 8.823599687259015001e-03 -2.267414508869701473e-01 -8.569693341184200785e-02 1.543700655793812104e-01 -1.393651679487485084e-01 -8.691345779675967084e-18 1.197044307230229754e-01 5.329293339139178770e-02 -1.555908146903501876e-01 8.769667830832653110e-02 1.927593784491818674e-01 2.745701789876388021e-01 1.315583992789933765e-01 1.703344974508005927e-01 7.700672114438383842e-02 -1.445472176151759713e-01 8.931849160527093046e-02 -2.325460852496590847e-01 -5.369008937048346669e-02 -3.075479629124763803e-01 9.712257510247034042e-02 -8.486980381628874692e-01 -2.417976432960513566e-01 -2.772338443590573881e-02 3.734928797881698070e-02 7.807851532607256242e-03 1.489200130846267400e-01 5.934722737081481875e-02 -3.180048883770097284e-02 -1.108973782186010587e-01 0.000000000000000000e+00
