0.000000000000000000e+00 -9.641448403337012085e-02 7.278486957082236364e-02 -1.678204898796162997e-02 -6.864427481366584816e-02 2.284383057303827624e-01 -1.421292031917927579e-01 -1.240321310802053843e-02 -1.798821099452293237e-01 -9.184085812088672862e-02 -9.016874628137880321e-02 2.503211225001659990e-02 1.404357247230585970e-01 1.028547870720505908e-01 9.224736648178149916e-04 -1.659849416308174508e-01 -1.364332705575001077e-18 -5.770207788928462950e-02 -2.763420444758879838e-02 6.051122777019326410e-02 -2.027496679236987787e-01 1.249907997575235991e-01 -2.163630711144666485e-01 -1.899779298689127302e-02 -1.345042634311763019e-01 -2.370875601670777710e-01 1.138114645745284988e-02 -2.083196500940763876e-02 1.270469240393821142e-01 -7.835441168873105711e-02 -3.331396500050999576e-02 8.617656194828339500e-02 -6.740747940299181007e-01 -9.641448403337012085e-02 7.278486957082236364e-02 -1.678204898796162997e-02 -6.864427481366584816e-02 2.284383057303827624e-01 -1.421292031917927579e-01 -1.240321310802053843e-02 -1.798821099452293237e-01 -9.184085812088672862e-02 -9.016874628137880321e-02 2.503211225001659990e-02 1.404357247230585970e-01 1.028547870720505908e-01 9.224736648178149916e-04 -1.659849416308174508e-01 -1.364332705575001077e-18 -5.770207788928462950e-02 -2.763420444758879838e-02 6.051122777019326410e-02 -2.027496679236987787e-01 1.249907997575235991e-01 -2.163630711144666485e-01 -1.899779298689127302e-02 -1.345042634311763019e-01 -2.370875601670777710e-01 1.138114645745284988e-02 -2.083196500940763876e-02 1.270469240393821142e-01 -7.835441168873105711e-02 -3.331396500050999576e-02 8.617656194828339500e-02 0.000000000000000000e+00
-9.641448403337012085e-02 0.000000000000000000e+00 1.049610984216345355e-01 4.568723850209666093e-02 -6.075552731229676151e-02 1.232845476143604041e-01 -4.525059667964578293e-03 -6.137335934671722670e-02 -1.182761354441592139e-01 -2.443843254469506843e-01 2.755870989662349835e-02 2.763076884576964182e-02 -1.546278115995702584e-01 -7.676404639108247441e-02 1.297615401448798944e-01 -1.079299193295045617e-01 5.770207788928463644e-02 -8.720527656702037677e-18 -8.155423814519742465e-02 1.050422178545047519e-01 1.470922094514486855e-01 -8.149336215623213808e-02 8.139083855792830779e-02 -4.517065271876210403e-02 3.244865558692991425e-02 -1.258617504079414251e-01 4.593312792678552747e-02 7.147394604074172597e-02 -2.737312504320678352e-02 4.508669181166297113e-02 1.794318274564603299e-03 1.698983595864191759e-02 -9.641448403337012085e-02 -4.690548393501359214e-01 1.049610984216345355e-01 4.568723850209666093e-02 -6.075552731229676151e-02 1.232845476143604041e-01 -4.525059667964578293e-03 -6.137335934671722670e-02 -1.182761354441592139e-01 -2.443843254469506843e-01 2.755870989662349835e-02 2.763076884576964182e-02 -1.546278115995702584e-01 -7.676404639108247441e-02 1.297615401448798944e-01 -1.079299193295045617e-01 5.770207788928463644e-02 -8.720527656702037677e-18 -8.155423814519742465e-02 1.050422178545047519e-01 1.470922094514486855e-01 -8.149336215623213808e-02 8.139083855792830779e-02 -4.517065271876210403e-02 3.244865558692991425e-02 -1.258617504079414251e-01 4.593312792678552747e-02 7.147394604074172597e-02 -2.737312504320678352e-02 4.508669181166297113e-02 1.794318274564603299e-03 1.698983595864191759e-02 0.000000000000000000e+00
7.278486957082236364e-02 1.049610984216345355e-01 0.000000000000000000e+00 -1.813684460979114038e-02 4.251545112801256854e-02 -4.320499866978198128e-02 6.624708065719114164e-03 1.909713192483621924e-01 4.257433772507322051e-02 1.099127107239680629e-01 -4.753646600567699304e-02 -3.189466867563605767e-03 -2.127874186686186941e-01 9.888954668393502845e-02 5.023118445749796823e-02 -5.032087967237205278e-02 2.763420444758880531e-02 8.155423814519745240e-02 -1.275106601285846003e-17 -1.766613635451126305e-02 1.251253824890893873e-01 -1.399839567201185964e-01 5.090916115576371581e-02 3.865107859026128967e-02 -1.902724362490041399e-01 1.082868541923972666e-01 -3.112862979308853584e-01 -8.359405726309453860e-03 1.791103950333972072e-01 -9.445693959287103370e-02 1.794297407204650807e-01 -6.444852702453462631e-03 7.278486957082236364e-02 1.049610984216345355e-01 -5.177148832927556121e-01 -1.813684460979114038e-02 4.251545112801256854e-02 -4.320499866978198128e-02 6.624708065719114164e-03 1.909713192483621924e-01 4.257433772507322051e-02 1.099127107239680629e-01 -4.753646600567699304e-02 -3.189466867563605767e-03 -2.127874186686186941e-01 9.888954668393502845e-02 5.023118445749796823e-02 -5.032087967237205278e-02 2.763420444758880531e-02 8.155423814519745240e-02 -1.275106601285846003e-17 -1.766613635451126305e-02 1.251253824890893873e-01 -1.399839567201185964e-01 5.090916115576371581e-02 3.865107859026128967e-02 -1.902724362490041399e-01 1.082868541923972666e-01 -3.112862979308853584e-01 -8.359405726309453860e-03 1.791103950333972072e-01 -9.445693959287103370e-02 1.794297407204650807e-01 -6.444852702453462631e-03 0.000000000000000000e+00
-1.678204898796162997e-02 4.568723850209666093e-02 -1.813684460979114038e-02 0.000000000000000000e+00 -1.615764227508524262e-02 -1.289946741258641283e-01 1.637315626514294631e-01 1.931140847740042410e-01 1.261888587046551546e-01 2.427454119067544991e-01 -1.181568811044060759e-02 1.160516129760660875e-02 1.085389208912311970e-01 1.069444714095704463e-01 -5.386159086182819300e-03 3.452256425039196882e-03 -6.051122777019327104e-02 -1.050422178545047658e-01 1.766613635451126652e-02 2.232506286021122939e-18 4.030635964165302232e-02 9.553671808891993356e-02 -3.231816715248729821e-01 -1.032576767233762405e-01 -3.397414064446149101e-02 -6.697043548837737503e-02 1.447062381709214030e-01 4.860065485678115305e-02 -2.148462297487331307e-01 -1.783980970706154912e-01 7.840348767756355475e-02 -5.377522490468316166e-04 -1.678204898796162997e-02 4.568723850209666093e-02 -1.813684460979114038e-02 -5.071045452603814008e-01 -1.615764227508524262e-02 -1.289946741258641283e-01 1.637315626514294631e-01 1.931140847740042410e-01 1.261888587046551546e-01 2.427454119067544991e-01 -1.181568811044060759e-02 1.160516129760660875e-02 1.085389208912311970e-01 1.069444714095704463e-01 -5.386159086182819300e-03 3.452256425039196882e-03 -6.051122777019327104e-02 -1.050422178545047658e-01 1.766613635451126652e-02 2.232506286021122939e-18 4.030635964165302232e-02 9.553671808891993356e-02 -3.231816715248729821e-01 -1.032576767233762405e-01 -3.397414064446149101e-02 -6.697043548837737503e-02 1.447062381709214030e-01 4.860065485678115305e-02 -2.148462297487331307e-01 -1.783980970706154912e-01 7.840348767756355475e-02 -5.377522490468316166e-04 0.000000000000000000e+00
-6.864427481366584816e-02 -6.075552731229676151e-02 4.251545112801256854e-02 -1.615764227508524262e-02 0.000000000000000000e+00 1.123013276123745463e-01 -2.041764881430300493e-01 8.595731544747489683e-02 3.922746273039357662e-02 -1.683899560665727824e-01 -5.958398296303487468e-02 -5.460221926231377532e-02 -2.005658062921999718e-01 -1.755795395330247977e-01 3.135919570219952157e-01 -2.070575760628589612e-01 2.027496679236987787e-01 -1.470922094514486578e-01 -1.251253824890893873e-01 -4.030635964165302232e-02 2.664279104958163377e-18 -8.680583518434807633e-02 -1.805214371713767876e-02 2.252592890572173157e-01 1.700354644315855424e-01 -6.716088322535497535e-02 -1.217283397213313606e-01 1.282559760552993422e-01 -2.692840221496431985e-01 2.165137135842730709e-01 2.822395487613679581e-03 2.367357515958580169e-02 -6.864427481366584816e-02 -6.075552731229676151e-02 4.251545112801256854e-02 -1.615764227508524262e-02 -7.101551397359349149e-01 1.123013276123745463e-01 -2.041764881430300493e-01 8.595731544747489683e-02 3.922746273039357662e-02 -1.683899560665727824e-01 -5.958398296303487468e-02 -5.460221926231377532e-02 -2.005658062921999718e-01 -1.755795395330247977e-01 3.135919570219952157e-01 -2.070575760628589612e-01 2.027496679236987787e-01 -1.470922094514486578e-01 -1.251253824890893873e-01 -4.030635964165302232e-02 2.664279104958163377e-18 -8.680583518434807633e-02 -1.805214371713767876e-02 2.252592890572173157e-01 1.700354644315855424e-01 -6.716088322535497535e-02 -1.217283397213313606e-01 1.282559760552993422e-01 -2.692840221496431985e-01 2.165137135842730709e-01 2.822395487613679581e-03 2.367357515958580169e-02 0.000000000000000000e+00
2.284383057303827624e-01 1.232845476143604041e-01 -4.320499866978198128e-02 -1.289946741258641283e-01 1.123013276123745463e-01 0.000000000000000000e+00 2.400339999045914829e-01 1.618226046872826285e-01 -8.409404677513547532e-03 1.879956373137494641e-01 7.742932322348575203e-02 6.389595345316559372e-02 -3.733128675035111282e-02 5.601583745066068820e-02 -1.893141183983944667e-02 4.898813600328887768e-02 -1.249907997575236129e-01 8.149336215623215196e-02 1.399839567201185686e-01 -9.553671808891996131e-02 8.680583518434811796e-02 1.213243265690032852e-17 9.868643542210810138e-02 1.565125718246667408e-01 -2.160260979409628079e-01 2.794549578852565386e-01 6.478826343857077563e-02 -1.667010860519472018e-02 1.750542681131350420e-01 -2.768145709358328654e-02 1.893908411182735063e-01 -2.097175576235021238e-02 2.284383057303827624e-01 1.232845476143604041e-01 -4.320499866978198128e-02 -1.289946741258641283e-01 1.123013276123745463e-01 -6.548094319141115616e-01 2.400339999045914829e-01 1.618226046872826285e-01 -8.409404677513547532e-03 1.879956373137494641e-01 7.742932322348575203e-02 6.389595345316559372e-02 -3.733128675035111282e-02 5.601583745066068820e-02 -1.893141183983944667e-02 4.898813600328887768e-02 -1.249907997575236129e-01 8.149336215623215196e-02 1.399839567201185686e-01 -9.553671808891996131e-02 8.680583518434811796e-02 1.213243265690032852e-17 9.868643542210810138e-02 1.565125718246667408e-01 -2.160260979409628079e-01 2.794549578852565386e-01 6.478826343857077563e-02 -1.667010860519472018e-02 1.750542681131350420e-01 -2.768145709358328654e-02 1.893908411182735063e-01 -2.097175576235021238e-02 0.000000000000000000e+00
-1.421292031917927579e-01 -4.525059667964578293e-03 6.624708065719114164e-03 1.637315626514294631e-01 -2.041764881430300493e-01 2.400339999045914829e-01 0.000000000000000000e+00 -1.585322086354575832e-01 -3.923279699777167812e-02 -4.002184662266097814e-02 9.491156763796029794e-02 4.231652272826760125e-02 -2.360436341013555928e-01 -1.024989039606152424e-01 7.241997304001616953e-02 4.202795680462601685e-02 2.163630711144667040e-01 -8.139083855792830779e-02 -5.090916115576370887e-02 3.231816715248728711e-01 1.805214371713767529e-02 -9.868643542210808750e-02 -2.036873218726112814e-17 6.231864370224530353e-02 -4.781225970876432779e-02 -5.028974237022205279e-02 7.279903556174954771e-02 7.243488773526078617e-02 -1.629961615001424557e-01 3.795893591305580378e-02 -1.740792263646030180e-01 9.632307001726549134e-02 -1.421292031917927579e-01 -4.525059667964578293e-03 6.624708065719114164e-03 1.637315626514294631e-01 -2.041764881430300493e-01 2.400339999045914829e-01 -7.534780648558021543e-01 -1.585322086354575832e-01 -3.923279699777167812e-02 -4.002184662266097814e-02 9.491156763796029794e-02 4.231652272826760125e-02 -2.360436341013555928e-01 -1.024989039606152424e-01 7.241997304001616953e-02 4.202795680462601685e-02 2.163630711144667040e-01 -8.139083855792830779e-02 -5.090916115576370887e-02 3.231816715248728711e-01 1.805214371713767529e-02 -9.868643542210808750e-02 -2.036873218726112814e-17 6.231864370224530353e-02 -4.781225970876432779e-02 -5.028974237022205279e-02 7.279903556174954771e-02 7.243488773526078617e-02 -1.629961615001424557e-01 3.795893591305580378e-02 -1.740792263646030180e-01 9.632307001726549134e-02 0.000000000000000000e+00
-1.240321310802053843e-02 -6.137335934671722670e-02 1.909713192483621924e-01 1.931140847740042410e-01 8.595731544747489683e-02 1.618226046872826285e-01 -1.585322086354575832e-01 0.000000000000000000e+00 8.561886961690103742e-03 -3.214303389408476597e-01 9.956637624212025250e-02 -9.612946673305444723e-02 9.163216759382350474e-02 -2.543315158254231823e-01 -5.396093218688282137e-03 -2.630899185514208941e-02 1.899779298689124526e-02 4.517065271876211791e-02 -3.865107859026128967e-02 1.032576767233762544e-01 -2.252592890572173434e-01 -1.565125718246667685e-01 -6.231864370224527577e-02 1.358871646091827113e-17 -1.192516045961141413e-01 -8.610161119799136786e-02 2.044712275003091606e-01 -5.722858070609064540e-02 -9.568350039908908589e-02 8.373807096413322937e-02 -1.693708103677059665e-02 6.862012512036824718e-02 -1.240321310802053843e-02 -6.137335934671722670e-02 1.909713192483621924e-01 1.931140847740042410e-01 8.595731544747489683e-02 1.618226046872826285e-01 -1.585322086354575832e-01 -7.584259791159999597e-01 8.561886961690103742e-03 -3.214303389408476597e-01 9.956637624212025250e-02 -9.612946673305444723e-02 9.163216759382350474e-02 -2.543315158254231823e-01 -5.396093218688282137e-03 -2.630899185514208941e-02 1.899779298689124526e-02 4.517065271876211791e-02 -3.865107859026128967e-02 1.032576767233762544e-01 -2.252592890572173434e-01 -1.565125718246667685e-01 -6.231864370224527577e-02 1.358871646091827113e-17 -1.192516045961141413e-01 -8.610161119799136786e-02 2.044712275003091606e-01 -5.722858070609064540e-02 -9.568350039908908589e-02 8.373807096413322937e-02 -1.693708103677059665e-02 6.862012512036824718e-02 0.000000000000000000e+00
-1.798821099452293237e-01 -1.182761354441592139e-01 4.257433772507322051e-02 1.261888587046551546e-01 3.922746273039357662e-02 -8.409404677513547532e-03 -3.923279699777167812e-02 8.561886961690103742e-03 0.000000000000000000e+00 8.411068791285934709e-02 7.453488110572550895e-02 -8.326930613080224530e-02 1.538113304353627420e-01 -7.071176842966739318e-02 2.958742544014609233e-01 1.270093767351249516e-04 1.345042634311763019e-01 -3.244865558692992119e-02 1.902724362490041954e-01 3.397414064446147020e-02 -1.700354644315855424e-01 2.160260979409627802e-01 4.781225970876431391e-02 1.192516045961141413e-01 1.019699867199655467e-17 -6.784253882706108019e-02 -1.642366975574241494e-01 2.627627264827752870e-02 1.602218540334933161e-01 -1.095748490333770808e-01 1.423794875878316712e-01 -2.290136044402743196e-02 -1.798821099452293237e-01 -1.182761354441592139e-01 4.257433772507322051e-02 1.261888587046551546e-01 3.922746273039357662e-02 -8.409404677513547532e-03 -3.923279699777167812e-02 8.561886961690103742e-03 -8.688962452343360621e-01 8.411068791285934709e-02 7.453488110572550895e-02 -8.326930613080224530e-02 1.538113304353627420e-01 -7.071176842966739318e-02 2.958742544014609233e-01 1.270093767351249516e-04 1.345042634311763019e-01 -3.244865558692992119e-02 1.902724362490041954e-01 3.397414064446147020e-02 -1.700354644315855424e-01 2.160260979409627802e-01 4.781225970876431391e-02 1.192516045961141413e-01 1.019699867199655467e-17 -6.784253882706108019e-02 -1.642366975574241494e-01 2.627627264827752870e-02 1.602218540334933161e-01 -1.095748490333770808e-01 1.423794875878316712e-01 -2.290136044402743196e-02 0.000000000000000000e+00
-9.184085812088672862e-02 -2.443843254469506843e-01 1.099127107239680629e-01 2.427454119067544991e-01 -1.683899560665727824e-01 1.879956373137494641e-01 -4.002184662266097814e-02 -3.214303389408476597e-01 8.411068791285934709e-02 0.000000000000000000e+00 -9.118048023080409237e-02 -1.881995587110137091e-02 -1.500607958556460508e-01 -3.190338968804274367e-01 9.347035024696401240e-02 -2.350341279311529419e-01 2.370875601670776878e-01 1.258617504079413973e-01 -1.082868541923972805e-01 6.697043548837734728e-02 6.716088322535500310e-02 -2.794549578852565386e-01 5.028974237022203198e-02 8.610161119799135399e-02 6.784253882706120509e-02 -7.486949929073786082e-19 1.712894519065321086e-01 1.644689410993486756e-01 1.727934527057940761e-01 2.838653688333896419e-01 -8.079378909574491674e-02 5.921662688735895852e-02 -9.184085812088672862e-02 -2.443843254469506843e-01 1.099127107239680629e-01 2.427454119067544991e-01 -1.683899560665727824e-01 1.879956373137494641e-01 -4.002184662266097814e-02 -3.214303389408476597e-01 8.411068791285934709e-02 -1.000000000000000000e+00 -9.118048023080409237e-02 -1.881995587110137091e-02 -1.500607958556460508e-01 -3.190338968804274367e-01 9.347035024696401240e-02 -2.350341279311529419e-01 2.370875601670776878e-01 1.258617504079413973e-01 -1.082868541923972805e-01 6.697043548837734728e-02 6.716088322535500310e-02 -2.794549578852565386e-01 5.028974237022203198e-02 8.610161119799135399e-02 6.784253882706120509e-02 -7.486949929073786082e-19 1.712894519065321086e-01 1.644689410993486756e-01 1.727934527057940761e-01 2.838653688333896419e-01 -8.079378909574491674e-02 5.921662688735895852e-02 0.000000000000000000e+00
-9.016874628137880321e-02 2.755870989662349835e-02 -4.753646600567699304e-02 -1.181568811044060759e-02 -5.958398296303487468e-02 7.742932322348575203e-02 9.491156763796029794e-02 9.956637624212025250e-02 7.453488110572550895e-02 -9.118048023080409237e-02 0.000000000000000000e+00 4.278169456753274508e-02 9.971034075290377552e-02 5.344288263238201886e-02 2.307065651356137170e-01 -1.488666425700077220e-02 -1.138114645745284988e-02 -4.593312792678552747e-02 3.112862979308853584e-01 -1.447062381709214030e-01 1.217283397213313606e-01 -6.478826343857074788e-02 -7.279903556174953383e-02 -2.044712275003091329e-01 1.642366975574241494e-01 -1.712894519065320809e-01 2.902840698314800204e-17 -1.466724452725821741e-02 6.255570442530522524e-02 1.877303806772301006e-02 -2.450133578870020978e-01 2.297630912021538657e-02 -9.016874628137880321e-02 2.755870989662349835e-02 -4.753646600567699304e-02 -1.181568811044060759e-02 -5.958398296303487468e-02 7.742932322348575203e-02 9.491156763796029794e-02 9.956637624212025250e-02 7.453488110572550895e-02 -9.118048023080409237e-02 -8.421096192642314460e-01 4.278169456753274508e-02 9.971034075290377552e-02 5.344288263238201886e-02 2.307065651356137170e-01 -1.488666425700077220e-02 -1.138114645745284988e-02 -4.593312792678552747e-02 3.112862979308853584e-01 -1.447062381709214030e-01 1.217283397213313606e-01 -6.478826343857074788e-02 -7.279903556174953383e-02 -2.044712275003091329e-01 1.642366975574241494e-01 -1.712894519065320809e-01 2.902840698314800204e-17 -1.466724452725821741e-02 6.255570442530522524e-02 1.877303806772301006e-02 -2.450133578870020978e-01 2.297630912021538657e-02 0.000000000000000000e+00
2.503211225001659990e-02 2.763076884576964182e-02 -3.189466867563605767e-03 1.160516129760660875e-02 -5.460221926231377532e-02 6.389595345316559372e-02 4.231652272826760125e-02 -9.612946673305444723e-02 -8.326930613080224530e-02 -1.881995587110137091e-02 4.278169456753274508e-02 0.000000000000000000e+00 -1.627432328201009748e-01 -2.728714336852761102e-01 -1.007780817743296475e-02 -1.141582167060825465e-01 2.083196500940762835e-02 -7.147394604074168434e-02 8.359405726309459064e-03 -4.860065485678114611e-02 -1.282559760552992589e-01 1.667010860519472712e-02 -7.243488773526078617e-02 5.722858070609064540e-02 -2.627627264827751136e-02 -1.644689410993486478e-01 1.466724452725822955e-02 2.283455517333224883e-17 -9.365275592190443199e-02 4.715848169616428109e-02 1.248014993684220669e-01 -9.769163241514225438e-02 2.503211225001659990e-02 2.763076884576964182e-02 -3.189466867563605767e-03 1.160516129760660875e-02 -5.460221926231377532e-02 6.389595345316559372e-02 4.231652272826760125e-02 -9.612946673305444723e-02 -8.326930613080224530e-02 -1.881995587110137091e-02 4.278169456753274508e-02 -7.077796578121019477e-01 -1.627432328201009748e-01 -2.728714336852761102e-01 -1.007780817743296475e-02 -1.141582167060825465e-01 2.083196500940762835e-02 -7.147394604074168434e-02 8.359405726309459064e-03 -4.860065485678114611e-02 -1.282559760552992589e-01 1.667010860519472712e-02 -7.243488773526078617e-02 5.722858070609064540e-02 -2.627627264827751136e-02 -1.644689410993486478e-01 1.466724452725822955e-02 2.283455517333224883e-17 -9.365275592190443199e-02 4.715848169616428109e-02 1.248014993684220669e-01 -9.769163241514225438e-02 0.000000000000000000e+00
1.404357247230585970e-01 -1.546278115995702584e-01 -2.127874186686186941e-01 1.085389208912311970e-01 -2.005658062921999718e-01 -3.733128675035111282e-02 -2.360436341013555928e-01 9.163216759382350474e-02 1.538113304353627420e-01 -1.500607958556460508e-01 9.971034075290377552e-02 -1.627432328201009748e-01 0.000000000000000000e+00 -9.682372898042156117e-02 1.830809375286327756e-01 -1.513623772256005307e-01 -1.270469240393821420e-01 2.737312504320673148e-02 -1.791103950333971517e-01 2.148462297487331030e-01 2.692840221496432540e-01 -1.750542681131350697e-01 1.629961615001425113e-01 9.568350039908898874e-02 -1.602218540334933161e-01 -1.727934527057940761e-01 -6.255570442530521136e-02 9.365275592190440423e-02 1.275744440403614501e-17 1.291560799769762846e-01 2.653931352008592065e-02 -2.523791660391451197e-01 1.404357247230585970e-01 -1.546278115995702584e-01 -2.127874186686186941e-01 1.085389208912311970e-01 -2.005658062921999718e-01 -3.733128675035111282e-02 -2.360436341013555928e-01 9.163216759382350474e-02 1.538113304353627420e-01 -1.500607958556460508e-01 9.971034075290377552e-02 -1.627432328201009748e-01 -9.869514782697753619e-01 -9.682372898042156117e-02 1.830809375286327756e-01 -1.513623772256005307e-01 -1.270469240393821420e-01 2.737312504320673148e-02 -1.791103950333971517e-01 2.148462297487331030e-01 2.692840221496432540e-01 -1.750542681131350697e-01 1.629961615001425113e-01 9.568350039908898874e-02 -1.602218540334933161e-01 -1.727934527057940761e-01 -6.255570442530521136e-02 9.365275592190440423e-02 1.275744440403614501e-17 1.291560799769762846e-01 2.653931352008592065e-02 -2.523791660391451197e-01 0.000000000000000000e+00
1.028547870720505908e-01 -7.676404639108247441e-02 9.888954668393502845e-02 1.069444714095704463e-01 -1.755795395330247977e-01 5.601583745066068820e-02 -1.024989039606152424e-01 -2.543315158254231823e-01 -7.071176842966739318e-02 -3.190338968804274367e-01 5.344288263238201886e-02 -2.728714336852761102e-01 -9.682372898042156117e-02 0.000000000000000000e+00 2.159708291439933203e-01 -2.524416621355564105e-01 7.835441168873107098e-02 -4.508669181166295031e-02 9.445693959287100594e-02 1.783980970706155189e-01 -2.165137135842731542e-01 2.768145709358326573e-02 -3.795893591305580378e-02 -8.373807096413321549e-02 1.095748490333770531e-01 -2.838653688333895309e-01 -1.877303806772302047e-02 -4.715848169616427416e-02 -1.291560799769762846e-01 4.106558934275367432e-18 1.423584261718338906e-01 -5.459670313388074320e-02 1.028547870720505908e-01 -7.676404639108247441e-02 9.888954668393502845e-02 1.069444714095704463e-01 -1.755795395330247977e-01 5.601583745066068820e-02 -1.024989039606152424e-01 -2.543315158254231823e-01 -7.071176842966739318e-02 -3.190338968804274367e-01 5.344288263238201886e-02 -2.728714336852761102e-01 -9.682372898042156117e-02 -8.747204760231769294e-01 2.159708291439933203e-01 -2.524416621355564105e-01 7.835441168873107098e-02 -4.508669181166295031e-02 9.445693959287100594e-02 1.783980970706155189e-01 -2.165137135842731542e-01 2.768145709358326573e-02 -3.795893591305580378e-02 -8.373807096413321549e-02 1.095748490333770531e-01 -2.838653688333895309e-01 -1.877303806772302047e-02 -4.715848169616427416e-02 -1.291560799769762846e-01 4.106558934275367432e-18 1.423584261718338906e-01 -5.459670313388074320e-02 0.000000000000000000e+00
9.224736648178149916e-04 1.297615401448798944e-01 5.023118445749796823e-02 -5.386159086182819300e-03 3.135919570219952157e-01 -1.893141183983944667e-02 7.241997304001616953e-02 -5.396093218688282137e-03 2.958742544014609233e-01 9.347035024696401240e-02 2.307065651356137170e-01 -1.007780817743296475e-02 1.830809375286327756e-01 2.159708291439933203e-01 0.000000000000000000e+00 2.640732625724435678e-01 3.331396500051001658e-02 -1.794318274564588121e-03 -1.794297407204650807e-01 -7.840348767756355475e-02 -2.822395487613709071e-03 -1.893908411182735063e-01 1.740792263646030180e-01 1.693708103677061400e-02 -1.423794875878316712e-01 8.079378909574491674e-02 2.450133578870020978e-01 -1.248014993684220669e-01 -2.653931352008593453e-02 -1.423584261718338351e-01 8.283955797162258777e-19 2.789836761517686808e-02 9.224736648178149916e-04 1.297615401448798944e-01 5.023118445749796823e-02 -5.386159086182819300e-03 3.135919570219952157e-01 -1.893141183983944667e-02 7.241997304001616953e-02 -5.396093218688282137e-03 2.958742544014609233e-01 9.347035024696401240e-02 2.307065651356137170e-01 -1.007780817743296475e-02 1.830809375286327756e-01 2.159708291439933203e-01 -8.244807719251360245e-01 2.640732625724435678e-01 3.331396500051001658e-02 -1.794318274564588121e-03 -1.794297407204650807e-01 -7.840348767756355475e-02 -2.822395487613709071e-03 -1.893908411182735063e-01 1.740792263646030180e-01 1.693708103677061400e-02 -1.423794875878316712e-01 8.079378909574491674e-02 2.450133578870020978e-01 -1.248014993684220669e-01 -2.653931352008593453e-02 -1.423584261718338351e-01 8.283955797162258777e-19 2.789836761517686808e-02 0.000000000000000000e+00
-1.659849416308174508e-01 -1.079299193295045617e-01 -5.032087967237205278e-02 3.452256425039196882e-03 -2.070575760628589612e-01 4.898813600328887768e-02 4.202795680462601685e-02 -2.630899185514208941e-02 1.270093767351249516e-04 -2.350341279311529419e-01 -1.488666425700077220e-02 -1.141582167060825465e-01 -1.513623772256005307e-01 -2.524416621355564105e-01 2.640732625724435678e-01 0.000000000000000000e+00 -8.617656194828336724e-02 -1.698983595864191412e-02 6.444852702453450488e-03 5.377522490468370376e-04 -2.367357515958580516e-02 2.097175576235020891e-02 -9.632307001726551909e-02 -6.862012512036824718e-02 2.290136044402742502e-02 -5.921662688735893770e-02 -2.297630912021532412e-02 9.769163241514225438e-02 2.523791660391451197e-01 5.459670313388070850e-02 -2.789836761517687155e-02 -7.584076746362441941e-18 -1.659849416308174508e-01 -1.079299193295045617e-01 -5.032087967237205278e-02 3.452256425039196882e-03 -2.070575760628589612e-01 4.898813600328887768e-02 4.202795680462601685e-02 -2.630899185514208941e-02 1.270093767351249516e-04 -2.350341279311529419e-01 -1.488666425700077220e-02 -1.141582167060825465e-01 -1.513623772256005307e-01 -2.524416621355564105e-01 2.640732625724435678e-01 -5.669343941349856975e-01 -8.617656194828336724e-02 -1.698983595864191412e-02 6.444852702453450488e-03 5.377522490468370376e-04 -2.367357515958580516e-02 2.097175576235020891e-02 -9.632307001726551909e-02 -6.862012512036824718e-02 2.290136044402742502e-02 -5.921662688735893770e-02 -2.297630912021532412e-02 9.769163241514225438e-02 2.523791660391451197e-01 5.459670313388070850e-02 -2.789836761517687155e-02 -7.584076746362441941e-18 0.000000000000000000e+00
-1.364332705575001077e-18 5.770207788928463644e-02 2.763420444758880531e-02 -6.051122777019327104e-02 2.027496679236987787e-01 -1.249907997575236129e-01 2.163630711144667040e-01 1.899779298689124526e-02 1.345042634311763019e-01 2.370875601670776878e-01 -1.138114645745284988e-02 2.083196500940762835e-02 -1.270469240393821420e-01 7.835441168873107098e-02 3.331396500051001658e-02 -8.617656194828336724e-02 0.000000000000000000e+00 -9.641448403337014861e-02 7.278486957082232200e-02 -1.678204898796162650e-02 -6.864427481366583428e-02 2.284383057303827624e-01 -1.421292031917927301e-01 -1.240321310802054537e-02 -1.798821099452293237e-01 -9.184085812088674250e-02 -9.016874628137880321e-02 2.503211225001662765e-02 1.404357247230586525e-01 1.028547870720505353e-01 9.224736648178449155e-04 -1.659849416308174785e-01 -1.364332705575001077e-18 5.770207788928463644e-02 2.763420444758880531e-02 -6.051122777019327104e-02 2.027496679236987787e-01 -1.249907997575236129e-01 2.163630711144667040e-01 1.899779298689124526e-02 1.345042634311763019e-01 2.370875601670776878e-01 -1.138114645745284988e-02 2.083196500940762835e-02 -1.270469240393821420e-01 7.835441168873107098e-02 3.331396500051001658e-02 -8.617656194828336724e-02 -6.740747940299179897e-01 -9.641448403337014861e-02 7.278486957082232200e-02 -1.678204898796162650e-02 -6.864427481366583428e-02 2.284383057303827624e-01 -1.421292031917927301e-01 -1.240321310802054537e-02 -1.798821099452293237e-01 -9.184085812088674250e-02 -9.016874628137880321e-02 2.503211225001662765e-02 1.404357247230586525e-01 1.028547870720505353e-01 9.224736648178449155e-04 -1.659849416308174785e-01 0.000000000000000000e+00
-5.770207788928462950e-02 -8.720527656702037677e-18 8.155423814519745240e-02 -1.050422178545047658e-01 -1.470922094514486578e-01 8.149336215623215196e-02 -8.139083855792830779e-02 4.517065271876211791e-02 -3.244865558692992119e-02 1.258617504079413973e-01 -4.593312792678552747e-02 -7.147394604074168434e-02 2.737312504320673148e-02 -4.508669181166295031e-02 -1.794318274564588121e-03 -1.698983595864191412e-02 -9.641448403337014861e-02 0.000000000000000000e+00 1.049610984216345494e-01 4.568723850209665399e-02 -6.075552731229678927e-02 1.232845476143604041e-01 -4.525059667964580895e-03 -6.137335934671725446e-02 -1.182761354441592139e-01 -2.443843254469506843e-01 2.755870989662350182e-02 2.763076884576964876e-02 -1.546278115995702862e-01 -7.676404639108248829e-02 1.297615401448798111e-01 -1.079299193295045894e-01 -5.770207788928462950e-02 -8.720527656702037677e-18 8.155423814519745240e-02 -1.050422178545047658e-01 -1.470922094514486578e-01 8.149336215623215196e-02 -8.139083855792830779e-02 4.517065271876211791e-02 -3.244865558692992119e-02 1.258617504079413973e-01 -4.593312792678552747e-02 -7.147394604074168434e-02 2.737312504320673148e-02 -4.508669181166295031e-02 -1.794318274564588121e-03 -1.698983595864191412e-02 -9.641448403337014861e-02 -4.690548393501359770e-01 1.049610984216345494e-01 4.568723850209665399e-02 -6.075552731229678927e-02 1.232845476143604041e-01 -4.525059667964580895e-03 -6.137335934671725446e-02 -1.182761354441592139e-01 -2.443843254469506843e-01 2.755870989662350182e-02 2.763076884576964876e-02 -1.546278115995702862e-01 -7.676404639108248829e-02 1.297615401448798111e-01 -1.079299193295045894e-01 0.000000000000000000e+00
-2.763420444758879838e-02 -8.155423814519742465e-02 -1.275106601285846003e-17 1.766613635451126652e-02 -1.251253824890893873e-01 1.399839567201185686e-01 -5.090916115576370887e-02 -3.865107859026128967e-02 1.902724362490041954e-01 -1.082868541923972805e-01 3.112862979308853584e-01 8.359405726309459064e-03 -1.791103950333971517e-01 9.445693959287100594e-02 -1.794297407204650807e-01 6.444852702453450488e-03 7.278486957082232200e-02 1.049610984216345494e-01 0.000000000000000000e+00 -1.813684460979114732e-02 4.251545112801256854e-02 -4.320499866978198822e-02 6.624708065719131511e-03 1.909713192483621369e-01 4.257433772507324132e-02 1.099127107239680629e-01 -4.753646600567699304e-02 -3.189466867563622680e-03 -2.127874186686186664e-01 9.888954668393505620e-02 5.023118445749801680e-02 -5.032087967237205972e-02 -2.763420444758879838e-02 -8.155423814519742465e-02 -1.275106601285846003e-17 1.766613635451126652e-02 -1.251253824890893873e-01 1.399839567201185686e-01 -5.090916115576370887e-02 -3.865107859026128967e-02 1.902724362490041954e-01 -1.082868541923972805e-01 3.112862979308853584e-01 8.359405726309459064e-03 -1.791103950333971517e-01 9.445693959287100594e-02 -1.794297407204650807e-01 6.444852702453450488e-03 7.278486957082232200e-02 1.049610984216345494e-01 -5.177148832927556121e-01 -1.813684460979114732e-02 4.251545112801256854e-02 -4.320499866978198822e-02 6.624708065719131511e-03 1.909713192483621369e-01 4.257433772507324132e-02 1.099127107239680629e-01 -4.753646600567699304e-02 -3.189466867563622680e-03 -2.127874186686186664e-01 9.888954668393505620e-02 5.023118445749801680e-02 -5.032087967237205972e-02 0.000000000000000000e+00
6.051122777019326410e-02 1.050422178545047519e-01 -1.766613635451126305e-02 2.232506286021122939e-18 -4.030635964165302232e-02 -9.553671808891996131e-02 3.231816715248728711e-01 1.032576767233762544e-01 3.397414064446147020e-02 6.697043548837734728e-02 -1.447062381709214030e-01 -4.860065485678114611e-02 2.148462297487331030e-01 1.783980970706155189e-01 -7.840348767756355475e-02 5.377522490468370376e-04 -1.678204898796162650e-02 4.568723850209665399e-02 -1.813684460979114732e-02 0.000000000000000000e+00 -1.615764227508524609e-02 -1.289946741258641283e-01 1.637315626514294353e-01 1.931140847740042132e-01 1.261888587046551269e-01 2.427454119067545268e-01 -1.181568811044060585e-02 1.160516129760661569e-02 1.085389208912311693e-01 1.069444714095704324e-01 -5.386159086182830576e-03 3.452256425039193846e-03 6.051122777019326410e-02 1.050422178545047519e-01 -1.766613635451126305e-02 2.232506286021122939e-18 -4.030635964165302232e-02 -9.553671808891996131e-02 3.231816715248728711e-01 1.032576767233762544e-01 3.397414064446147020e-02 6.697043548837734728e-02 -1.447062381709214030e-01 -4.860065485678114611e-02 2.148462297487331030e-01 1.783980970706155189e-01 -7.840348767756355475e-02 5.377522490468370376e-04 -1.678204898796162650e-02 4.568723850209665399e-02 -1.813684460979114732e-02 -5.071045452603814008e-01 -1.615764227508524609e-02 -1.289946741258641283e-01 1.637315626514294353e-01 1.931140847740042132e-01 1.261888587046551269e-01 2.427454119067545268e-01 -1.181568811044060585e-02 1.160516129760661569e-02 1.085389208912311693e-01 1.069444714095704324e-01 -5.386159086182830576e-03 3.452256425039193846e-03 0.000000000000000000e+00
-2.027496679236987787e-01 1.470922094514486855e-01 1.251253824890893873e-01 4.030635964165302232e-02 2.664279104958163377e-18 8.680583518434811796e-02 1.805214371713767529e-02 -2.252592890572173434e-01 -1.700354644315855424e-01 6.716088322535500310e-02 1.217283397213313606e-01 -1.282559760552992589e-01 2.692840221496432540e-01 -2.165137135842731542e-01 -2.822395487613709071e-03 -2.367357515958580516e-02 -6.864427481366583428e-02 -6.075552731229678927e-02 4.251545112801256854e-02 -1.615764227508524609e-02 0.000000000000000000e+00 1.123013276123745047e-01 -2.041764881430301048e-01 8.595731544747489683e-02 3.922746273039355580e-02 -1.683899560665728379e-01 -5.958398296303486080e-02 -5.460221926231373368e-02 -2.005658062922000273e-01 -1.755795395330247699e-01 3.135919570219952157e-01 -2.070575760628589612e-01 -2.027496679236987787e-01 1.470922094514486855e-01 1.251253824890893873e-01 4.030635964165302232e-02 2.664279104958163377e-18 8.680583518434811796e-02 1.805214371713767529e-02 -2.252592890572173434e-01 -1.700354644315855424e-01 6.716088322535500310e-02 1.217283397213313606e-01 -1.282559760552992589e-01 2.692840221496432540e-01 -2.165137135842731542e-01 -2.822395487613709071e-03 -2.367357515958580516e-02 -6.864427481366583428e-02 -6.075552731229678927e-02 4.251545112801256854e-02 -1.615764227508524609e-02 -7.101551397359349149e-01 1.123013276123745047e-01 -2.041764881430301048e-01 8.595731544747489683e-02 3.922746273039355580e-02 -1.683899560665728379e-01 -5.958398296303486080e-02 -5.460221926231373368e-02 -2.005658062922000273e-01 -1.755795395330247699e-01 3.135919570219952157e-01 -2.070575760628589612e-01 0.000000000000000000e+00
1.249907997575235991e-01 -8.149336215623213808e-02 -1.399839567201185964e-01 9.553671808891993356e-02 -8.680583518434807633e-02 1.213243265690032852e-17 -9.868643542210808750e-02 -1.565125718246667685e-01 2.160260979409627802e-01 -2.794549578852565386e-01 -6.478826343857074788e-02 1.667010860519472712e-02 -1.750542681131350697e-01 2.768145709358326573e-02 -1.893908411182735063e-01 2.097175576235020891e-02 2.284383057303827624e-01 1.232845476143604041e-01 -4.320499866978198822e-02 -1.289946741258641283e-01 1.123013276123745047e-01 0.000000000000000000e+00 2.400339999045915385e-01 1.618226046872825730e-01 -8.409404677513568349e-03 1.879956373137494641e-01 7.742932322348576590e-02 6.389595345316556596e-02 -3.733128675035113364e-02 5.601583745066066738e-02 -1.893141183983942585e-02 4.898813600328887768e-02 1.249907997575235991e-01 -8.149336215623213808e-02 -1.399839567201185964e-01 9.553671808891993356e-02 -8.680583518434807633e-02 1.213243265690032852e-17 -9.868643542210808750e-02 -1.565125718246667685e-01 2.160260979409627802e-01 -2.794549578852565386e-01 -6.478826343857074788e-02 1.667010860519472712e-02 -1.750542681131350697e-01 2.768145709358326573e-02 -1.893908411182735063e-01 2.097175576235020891e-02 2.284383057303827624e-01 1.232845476143604041e-01 -4.320499866978198822e-02 -1.289946741258641283e-01 1.123013276123745047e-01 -6.548094319141114505e-01 2.400339999045915385e-01 1.618226046872825730e-01 -8.409404677513568349e-03 1.879956373137494641e-01 7.742932322348576590e-02 6.389595345316556596e-02 -3.733128675035113364e-02 5.601583745066066738e-02 -1.893141183983942585e-02 4.898813600328887768e-02 0.000000000000000000e+00
-2.163630711144666485e-01 8.139083855792830779e-02 5.090916115576371581e-02 -3.231816715248729821e-01 -1.805214371713767876e-02 9.868643542210810138e-02 -2.036873218726112814e-17 -6.231864370224527577e-02 4.781225970876431391e-02 5.028974237022203198e-02 -7.279903556174953383e-02 -7.243488773526078617e-02 1.629961615001425113e-01 -3.795893591305580378e-02 1.740792263646030180e-01 -9.632307001726551909e-02 -1.421292031917927301e-01 -4.525059667964580895e-03 6.624708065719131511e-03 1.637315626514294353e-01 -2.041764881430301048e-01 2.400339999045915385e-01 0.000000000000000000e+00 -1.585322086354575832e-01 -3.923279699777167118e-02 -4.002184662266092957e-02 9.491156763796029794e-02 4.231652272826760819e-02 -2.360436341013555372e-01 -1.024989039606151869e-01 7.241997304001615565e-02 4.202795680462598910e-02 -2.163630711144666485e-01 8.139083855792830779e-02 5.090916115576371581e-02 -3.231816715248729821e-01 -1.805214371713767876e-02 9.868643542210810138e-02 -2.036873218726112814e-17 -6.231864370224527577e-02 4.781225970876431391e-02 5.028974237022203198e-02 -7.279903556174953383e-02 -7.243488773526078617e-02 1.629961615001425113e-01 -3.795893591305580378e-02 1.740792263646030180e-01 -9.632307001726551909e-02 -1.421292031917927301e-01 -4.525059667964580895e-03 6.624708065719131511e-03 1.637315626514294353e-01 -2.041764881430301048e-01 2.400339999045915385e-01 -7.534780648558021543e-01 -1.585322086354575832e-01 -3.923279699777167118e-02 -4.002184662266092957e-02 9.491156763796029794e-02 4.231652272826760819e-02 -2.360436341013555372e-01 -1.024989039606151869e-01 7.241997304001615565e-02 4.202795680462598910e-02 0.000000000000000000e+00
-1.899779298689127302e-02 -4.517065271876210403e-02 3.865107859026128967e-02 -1.032576767233762405e-01 2.252592890572173157e-01 1.565125718246667408e-01 6.231864370224530353e-02 1.358871646091827113e-17 1.192516045961141413e-01 8.610161119799135399e-02 -2.044712275003091329e-01 5.722858070609064540e-02 9.568350039908898874e-02 -8.373807096413321549e-02 1.693708103677061400e-02 -6.862012512036824718e-02 -1.240321310802054537e-02 -6.137335934671725446e-02 1.909713192483621369e-01 1.931140847740042132e-01 8.595731544747489683e-02 1.618226046872825730e-01 -1.585322086354575832e-01 0.000000000000000000e+00 8.561886961690110681e-03 -3.214303389408476597e-01 9.956637624212026638e-02 -9.612946673305446110e-02 9.163216759382350474e-02 -2.543315158254232933e-01 -5.396093218688270861e-03 -2.630899185514208941e-02 -1.899779298689127302e-02 -4.517065271876210403e-02 3.865107859026128967e-02 -1.032576767233762405e-01 2.252592890572173157e-01 1.565125718246667408e-01 6.231864370224530353e-02 1.358871646091827113e-17 1.192516045961141413e-01 8.610161119799135399e-02 -2.044712275003091329e-01 5.722858070609064540e-02 9.568350039908898874e-02 -8.373807096413321549e-02 1.693708103677061400e-02 -6.862012512036824718e-02 -1.240321310802054537e-02 -6.137335934671725446e-02 1.909713192483621369e-01 1.931140847740042132e-01 8.595731544747489683e-02 1.618226046872825730e-01 -1.585322086354575832e-01 -7.584259791160001818e-01 8.561886961690110681e-03 -3.214303389408476597e-01 9.956637624212026638e-02 -9.612946673305446110e-02 9.163216759382350474e-02 -2.543315158254232933e-01 -5.396093218688270861e-03 -2.630899185514208941e-02 0.000000000000000000e+00
