0.000000000000000000e+00 1.400799376237536198e-01 3.107200382569571054e-02 -1.090561000802393182e-01 6.549496327796265616e-02 -6.999040044849899611e-02 -1.918168665991924760e-02 -1.559837298765880398e-01 1.223298871122790593e-01 1.668226947401581228e-02 1.193016226189376333e-01 2.143540239754438137e-01 1.825819508196619700e-01 -9.347672972424281301e-02 1.798249991689170324e-01 5.354338712019444946e-02 1.055409616072180436e-18 4.465829721462545587e-02 -6.135037585040065827e-02 -5.049236848312218390e-02 1.295347106401289194e-01 6.889053799346839257e-02 6.338769121369189179e-03 -1.609974856777878216e-01 5.926576528316712666e-02 2.484158913168771701e-02 -1.634893570550280395e-01 -2.765630028817504804e-02 1.130026018628891432e-01 1.067355690904546600e-01 1.311329495496141584e-01 1.322402379060314270e-01 -4.578360137794877383e-01 1.400799376237536198e-01 3.107200382569571054e-02 -1.090561000802393182e-01 6.549496327796265616e-02 -6.999040044849899611e-02 -1.918168665991924760e-02 -1.559837298765880398e-01 1.223298871122790593e-01 1.668226947401581228e-02 1.193016226189376333e-01 2.143540239754438137e-01 1.825819508196619700e-01 -9.347672972424281301e-02 1.798249991689170324e-01 5.354338712019444946e-02 1.055409616072180436e-18 4.465829721462545587e-02 -6.135037585040065827e-02 -5.049236848312218390e-02 1.295347106401289194e-01 6.889053799346839257e-02 6.338769121369189179e-03 -1.609974856777878216e-01 5.926576528316712666e-02 2.484158913168771701e-02 -1.634893570550280395e-01 -2.765630028817504804e-02 1.130026018628891432e-01 1.067355690904546600e-01 1.311329495496141584e-01 1.322402379060314270e-01 0.000000000000000000e+00
1.400799376237536198e-01 0.000000000000000000e+00 4.553754515737645781e-02 2.006793749773704699e-02 3.058036559423919082e-02 -1.588177972927383996e-01 6.968281591940189701e-02 4.876207873506005486e-02 -1.006185255203083558e-02 8.146805364930728710e-02 6.237335038738492377e-02 -1.355471390620602568e-01 -2.066278628036793269e-02 -1.005190648874957765e-01 -1.626364463400666316e-01 -1.192990652475857394e-01 -4.465829721462542118e-02 3.118683231048166708e-18 4.896599779208054420e-02 -1.531722851842410582e-01 1.539323932581244669e-01 -1.288379965514120651e-01 1.473265209272401621e-01 -1.528542508832303748e-01 3.812527627037741451e-02 1.851226358876753297e-01 5.403543902705124080e-02 1.667057767190125162e-01 -1.704864707291237416e-02 -1.118567546899214143e-01 -3.209764312285936366e-02 -1.528700444885840448e-01 1.400799376237536198e-01 -5.653979183660583496e-01 4.553754515737645781e-02 2.006793749773704699e-02 3.058036559423919082e-02 -1.588177972927383996e-01 6.968281591940189701e-02 4.876207873506005486e-02 -1.006185255203083558e-02 8.146805364930728710e-02 6.237335038738492377e-02 -1.355471390620602568e-01 -2.066278628036793269e-02 -1.005190648874957765e-01 -1.626364463400666316e-01 -1.192990652475857394e-01 -4.465829721462542118e-02 3.118683231048166708e-18 4.896599779208054420e-02 -1.531722851842410582e-01 1.539323932581244669e-01 -1.288379965514120651e-01 1.473265209272401621e-01 -1.528542508832303748e-01 3.812527627037741451e-02 1.851226358876753297e-01 5.403543902705124080e-02 1.667057767190125162e-01 -1.704864707291237416e-02 -1.118567546899214143e-01 -3.209764312285936366e-02 -1.528700444885840448e-01 0.000000000000000000e+00
3.107200382569571054e-02 4.553754515737645781e-02 0.000000000000000000e+00 6.972827493545416533e-02 6.860496074401341293e-02 4.370970080347766906e-01 -4.587347094783512935e-02 3.926935103455074516e-02 2.153948429823538957e-01 -9.687073941123791609e-02 -1.381033735309592225e-01 -9.512999452165870132e-03 2.842146081751962747e-02 4.471715517513760035e-02 1.513692560715037549e-01 1.817473853179973620e-01 6.135037585040067909e-02 -4.896599779208055808e-02 -2.368279882459093114e-18 -5.313073191155042937e-03 -6.915013782880152782e-02 1.830239635477172722e-01 8.046990738546985766e-02 -8.917628660076429292e-02 -1.284120513351620640e-01 5.078806289144097846e-02 1.256096490635036367e-01 -1.216396883308515503e-01 -7.020529462024929779e-02 -9.290459246407677119e-02 4.991354193173144771e-02 1.254550915635986308e-01 3.107200382569571054e-02 4.553754515737645781e-02 -5.486197376278233451e-01 6.972827493545416533e-02 6.860496074401341293e-02 4.370970080347766906e-01 -4.587347094783512935e-02 3.926935103455074516e-02 2.153948429823538957e-01 -9.687073941123791609e-02 -1.381033735309592225e-01 -9.512999452165870132e-03 2.842146081751962747e-02 4.471715517513760035e-02 1.513692560715037549e-01 1.817473853179973620e-01 6.135037585040067909e-02 -4.896599779208055808e-02 -2.368279882459093114e-18 -5.313073191155042937e-03 -6.915013782880152782e-02 1.830239635477172722e-01 8.046990738546985766e-02 -8.917628660076429292e-02 -1.284120513351620640e-01 5.078806289144097846e-02 1.256096490635036367e-01 -1.216396883308515503e-01 -7.020529462024929779e-02 -9.290459246407677119e-02 4.991354193173144771e-02 1.254550915635986308e-01 0.000000000000000000e+00
-1.090561000802393182e-01 2.006793749773704699e-02 6.972827493545416533e-02 0.000000000000000000e+00 1.056203934866912775e-01 -1.239463974460252721e-01 -7.153082565905351242e-02 -1.257492374521516354e-01 -5.261664983211253310e-02 -1.503217924486776463e-02 -7.436633446478098375e-02 7.374919421585483803e-02 5.286155031321272679e-02 1.755257969355345782e-01 7.864771434400816275e-02 9.438784120258301991e-02 5.049236848312219778e-02 1.531722851842410305e-01 5.313073191155047274e-03 1.898999832787614938e-17 -9.787072773810320814e-02 1.215172901238196906e-01 6.748112715327050926e-02 1.624398717082791571e-02 -1.105774318463461636e-01 -6.433126630477820074e-02 -1.686724356041404416e-01 1.480061994741331370e-02 -8.165465364935037273e-02 9.740865139658126670e-02 1.746861441044017527e-01 1.118755162235080119e-01 -1.090561000802393182e-01 2.006793749773704699e-02 6.972827493545416533e-02 -5.026087720286226412e-01 1.056203934866912775e-01 -1.239463974460252721e-01 -7.153082565905351242e-02 -1.257492374521516354e-01 -5.261664983211253310e-02 -1.503217924486776463e-02 -7.436633446478098375e-02 7.374919421585483803e-02 5.286155031321272679e-02 1.755257969355345782e-01 7.864771434400816275e-02 9.438784120258301991e-02 5.049236848312219778e-02 1.531722851842410305e-01 5.313073191155047274e-03 1.898999832787614938e-17 -9.787072773810320814e-02 1.215172901238196906e-01 6.748112715327050926e-02 1.624398717082791571e-02 -1.105774318463461636e-01 -6.433126630477820074e-02 -1.686724356041404416e-01 1.480061994741331370e-02 -8.165465364935037273e-02 9.740865139658126670e-02 1.746861441044017527e-01 1.118755162235080119e-01 0.000000000000000000e+00
6.549496327796265616e-02 3.058036559423919082e-02 6.860496074401341293e-02 1.056203934866912775e-01 0.000000000000000000e+00 -1.543753407286376222e-01 1.038524830780950398e-01 2.318363790405671698e-01 -4.865883956387269393e-02 -8.256839294432986864e-02 2.600952256474496280e-02 -2.347002228978289640e-01 -1.419761031237312676e-01 1.859145419276391209e-01 6.442405782076909837e-02 5.571086667536046672e-02 -1.295347106401289194e-01 -1.539323932581244669e-01 6.915013782880151394e-02 9.787072773810322202e-02 9.707874086631480639e-18 -1.972500884374555064e-01 1.208919493947306634e-01 1.618614103146834293e-02 -1.265173653229529904e-01 -1.791464395063918635e-02 -2.113273296254928116e-02 4.409322201775613820e-02 1.983738540692063790e-01 -2.324754428069593926e-01 8.377062935230962515e-02 -3.049220054442456918e-01 6.549496327796265616e-02 3.058036559423919082e-02 6.860496074401341293e-02 1.056203934866912775e-01 -6.448094812307658685e-01 -1.543753407286376222e-01 1.038524830780950398e-01 2.318363790405671698e-01 -4.865883956387269393e-02 -8.256839294432986864e-02 2.600952256474496280e-02 -2.347002228978289640e-01 -1.419761031237312676e-01 1.859145419276391209e-01 6.442405782076909837e-02 5.571086667536046672e-02 -1.295347106401289194e-01 -1.539323932581244669e-01 6.915013782880151394e-02 9.787072773810322202e-02 9.707874086631480639e-18 -1.972500884374555064e-01 1.208919493947306634e-01 1.618614103146834293e-02 -1.265173653229529904e-01 -1.791464395063918635e-02 -2.113273296254928116e-02 4.409322201775613820e-02 1.983738540692063790e-01 -2.324754428069593926e-01 8.377062935230962515e-02 -3.049220054442456918e-01 0.000000000000000000e+00
-6.999040044849899611e-02 -1.588177972927383996e-01 4.370970080347766906e-01 -1.239463974460252721e-01 -1.543753407286376222e-01 0.000000000000000000e+00 1.345378633469549723e-01 3.913123475993108419e-02 -1.625703122134883674e-02 7.838840497841483013e-02 1.491693659889567758e-01 -1.392534769363241304e-02 8.740494612092364335e-02 8.191586464712241611e-02 -1.711575624467164825e-01 -1.908435766484161966e-01 -6.889053799346839257e-02 1.288379965514120928e-01 -1.830239635477173554e-01 -1.215172901238196629e-01 1.972500884374554508e-01 7.492752198078852816e-18 4.039393587395691959e-02 7.651419093630560352e-03 -8.415874412403706595e-02 -1.094921013518321967e-02 -3.300961023207200640e-01 1.330083573301553967e-01 1.868449587457325645e-01 1.932050195096605416e-01 7.148472345934703265e-02 4.525586082904502899e-02 -6.999040044849899611e-02 -1.588177972927383996e-01 4.370970080347766906e-01 -1.239463974460252721e-01 -1.543753407286376222e-01 -9.714413468167840682e-01 1.345378633469549723e-01 3.913123475993108419e-02 -1.625703122134883674e-02 7.838840497841483013e-02 1.491693659889567758e-01 -1.392534769363241304e-02 8.740494612092364335e-02 8.191586464712241611e-02 -1.711575624467164825e-01 -1.908435766484161966e-01 -6.889053799346839257e-02 1.288379965514120928e-01 -1.830239635477173554e-01 -1.215172901238196629e-01 1.972500884374554508e-01 7.492752198078852816e-18 4.039393587395691959e-02 7.651419093630560352e-03 -8.415874412403706595e-02 -1.094921013518321967e-02 -3.300961023207200640e-01 1.330083573301553967e-01 1.868449587457325645e-01 1.932050195096605416e-01 7.148472345934703265e-02 4.525586082904502899e-02 0.000000000000000000e+00
-1.918168665991924760e-02 6.968281591940189701e-02 -4.587347094783512935e-02 -7.153082565905351242e-02 1.038524830780950398e-01 1.345378633469549723e-01 0.000000000000000000e+00 1.380332773422943138e-01 1.366963416470173831e-01 -1.134244026802638527e-01 -1.167606267913318639e-02 1.510464143042434051e-02 -1.105137191335931884e-01 7.553935175073654695e-02 3.005846356980074185e-02 -1.139965776214682536e-03 -6.338769121369177903e-03 -1.473265209272401899e-01 -8.046990738546987154e-02 -6.748112715327052313e-02 -1.208919493947306634e-01 -4.039393587395691265e-02 1.748902755085517972e-17 8.453505024316739641e-03 2.961747030289471963e-02 1.150101126158427182e-02 -8.550429361642888915e-02 -1.074539661010644326e-01 -6.463966131809262272e-02 6.814430022098055817e-02 2.477611493703774787e-02 1.692798015815299151e-01 -1.918168665991924760e-02 6.968281591940189701e-02 -4.587347094783512935e-02 -7.153082565905351242e-02 1.038524830780950398e-01 1.345378633469549723e-01 -4.605213444131797673e-01 1.380332773422943138e-01 1.366963416470173831e-01 -1.134244026802638527e-01 -1.167606267913318639e-02 1.510464143042434051e-02 -1.105137191335931884e-01 7.553935175073654695e-02 3.005846356980074185e-02 -1.139965776214682536e-03 -6.338769121369177903e-03 -1.473265209272401899e-01 -8.046990738546987154e-02 -6.748112715327052313e-02 -1.208919493947306634e-01 -4.039393587395691265e-02 1.748902755085517972e-17 8.453505024316739641e-03 2.961747030289471963e-02 1.150101126158427182e-02 -8.550429361642888915e-02 -1.074539661010644326e-01 -6.463966131809262272e-02 6.814430022098055817e-02 2.477611493703774787e-02 1.692798015815299151e-01 0.000000000000000000e+00
-1.559837298765880398e-01 4.876207873506005486e-02 3.926935103455074516e-02 -1.257492374521516354e-01 2.318363790405671698e-01 3.913123475993108419e-02 1.380332773422943138e-01 0.000000000000000000e+00 1.597752664760254682e-01 2.596670889429889550e-01 -6.174899796263161322e-02 1.225367963775284147e-01 2.883448222104881276e-01 3.317023417809905703e-03 -3.325769405688312752e-02 1.147760317409801112e-01 1.609974856777877938e-01 1.528542508832304025e-01 8.917628660076429292e-02 -1.624398717082790183e-02 -1.618614103146831171e-02 -7.651419093630548209e-03 -8.453505024316737906e-03 -1.285063150137077606e-17 -1.848769916400012231e-02 -9.985001645813071369e-02 -1.372288872584176422e-01 -2.251703418719906702e-01 1.683020620516407356e-02 3.433286829744349178e-01 4.720436837599090857e-02 2.662850205459841302e-01 -1.559837298765880398e-01 4.876207873506005486e-02 3.926935103455074516e-02 -1.257492374521516354e-01 2.318363790405671698e-01 3.913123475993108419e-02 1.380332773422943138e-01 -8.236646721277983696e-01 1.597752664760254682e-01 2.596670889429889550e-01 -6.174899796263161322e-02 1.225367963775284147e-01 2.883448222104881276e-01 3.317023417809905703e-03 -3.325769405688312752e-02 1.147760317409801112e-01 1.609974856777877938e-01 1.528542508832304025e-01 8.917628660076429292e-02 -1.624398717082790183e-02 -1.618614103146831171e-02 -7.651419093630548209e-03 -8.453505024316737906e-03 -1.285063150137077606e-17 -1.848769916400012231e-02 -9.985001645813071369e-02 -1.372288872584176422e-01 -2.251703418719906702e-01 1.683020620516407356e-02 3.433286829744349178e-01 4.720436837599090857e-02 2.662850205459841302e-01 0.000000000000000000e+00
1.223298871122790593e-01 -1.006185255203083558e-02 2.153948429823538957e-01 -5.261664983211253310e-02 -4.865883956387269393e-02 -1.625703122134883674e-02 1.366963416470173831e-01 1.597752664760254682e-01 0.000000000000000000e+00 2.285674747442082572e-02 3.253413355286785547e-02 2.508791089718010944e-02 6.556691480750896639e-02 -5.113561799535081692e-02 -6.926549397851630707e-02 -8.783992303431943649e-02 -5.926576528316711973e-02 -3.812527627037740063e-02 1.284120513351620085e-01 1.105774318463461636e-01 1.265173653229529904e-01 8.415874412403707983e-02 -2.961747030289471963e-02 1.848769916400012578e-02 -1.416118844747614489e-17 1.215389354343019389e-02 2.454933269233985221e-03 2.972696101230377086e-01 -5.495470217096271037e-02 -2.998194571203651737e-01 -7.038963634253755930e-02 -2.400496328057430406e-01 1.223298871122790593e-01 -1.006185255203083558e-02 2.153948429823538957e-01 -5.261664983211253310e-02 -4.865883956387269393e-02 -1.625703122134883674e-02 1.366963416470173831e-01 1.597752664760254682e-01 -7.728744122089936663e-01 2.285674747442082572e-02 3.253413355286785547e-02 2.508791089718010944e-02 6.556691480750896639e-02 -5.113561799535081692e-02 -6.926549397851630707e-02 -8.783992303431943649e-02 -5.926576528316711973e-02 -3.812527627037740063e-02 1.284120513351620085e-01 1.105774318463461636e-01 1.265173653229529904e-01 8.415874412403707983e-02 -2.961747030289471963e-02 1.848769916400012578e-02 -1.416118844747614489e-17 1.215389354343019389e-02 2.454933269233985221e-03 2.972696101230377086e-01 -5.495470217096271037e-02 -2.998194571203651737e-01 -7.038963634253755930e-02 -2.400496328057430406e-01 0.000000000000000000e+00
1.668226947401581228e-02 8.146805364930728710e-02 -9.687073941123791609e-02 -1.503217924486776463e-02 -8.256839294432986864e-02 7.838840497841483013e-02 -1.134244026802638527e-01 2.596670889429889550e-01 2.285674747442082572e-02 0.000000000000000000e+00 -1.798690450002312924e-01 -1.230235675900774872e-01 -1.489216612389178684e-01 2.025320584204701180e-01 3.059272586557451601e-01 7.973566933656116296e-02 -2.484158913168772742e-02 -1.851226358876753575e-01 -5.078806289144095071e-02 6.433126630477824237e-02 1.791464395063920023e-02 1.094921013518320059e-02 -1.150101126158426836e-02 9.985001645813076920e-02 -1.215389354343020950e-02 -1.201310583461143452e-17 3.108562874511898166e-01 -2.016211810091327605e-01 -1.785932387607693239e-01 1.703132986856024378e-01 -7.657406066501473707e-02 8.275592032855882962e-02 1.668226947401581228e-02 8.146805364930728710e-02 -9.687073941123791609e-02 -1.503217924486776463e-02 -8.256839294432986864e-02 7.838840497841483013e-02 -1.134244026802638527e-01 2.596670889429889550e-01 2.285674747442082572e-02 -8.554607774650599961e-01 -1.798690450002312924e-01 -1.230235675900774872e-01 -1.489216612389178684e-01 2.025320584204701180e-01 3.059272586557451601e-01 7.973566933656116296e-02 -2.484158913168772742e-02 -1.851226358876753575e-01 -5.078806289144095071e-02 6.433126630477824237e-02 1.791464395063920023e-02 1.094921013518320059e-02 -1.150101126158426836e-02 9.985001645813076920e-02 -1.215389354343020950e-02 -1.201310583461143452e-17 3.108562874511898166e-01 -2.016211810091327605e-01 -1.785932387607693239e-01 1.703132986856024378e-01 -7.657406066501473707e-02 8.275592032855882962e-02 0.000000000000000000e+00
1.193016226189376333e-01 6.237335038738492377e-02 -1.381033735309592225e-01 -7.436633446478098375e-02 2.600952256474496280e-02 1.491693659889567758e-01 -1.167606267913318639e-02 -6.174899796263161322e-02 3.253413355286785547e-02 -1.798690450002312924e-01 0.000000000000000000e+00 -1.129902182371638197e-01 2.539646018912800410e-02 1.445899947628357107e-01 2.272288332572383884e-01 2.391395989378284348e-01 1.634893570550280117e-01 -5.403543902705123386e-02 -1.256096490635036089e-01 1.686724356041404416e-01 2.113273296254928116e-02 3.300961023207198974e-01 8.550429361642891690e-02 1.372288872584176700e-01 -2.454933269233977849e-03 -3.108562874511898166e-01 6.301119498856343549e-18 -1.529606934056667589e-01 -2.152999148279212405e-01 -2.883860451005624409e-02 4.456769667675475333e-02 6.815471475709997118e-02 1.193016226189376333e-01 6.237335038738492377e-02 -1.381033735309592225e-01 -7.436633446478098375e-02 2.600952256474496280e-02 1.491693659889567758e-01 -1.167606267913318639e-02 -6.174899796263161322e-02 3.253413355286785547e-02 -1.798690450002312924e-01 -6.827661701718020781e-01 -1.129902182371638197e-01 2.539646018912800410e-02 1.445899947628357107e-01 2.272288332572383884e-01 2.391395989378284348e-01 1.634893570550280117e-01 -5.403543902705123386e-02 -1.256096490635036089e-01 1.686724356041404416e-01 2.113273296254928116e-02 3.300961023207198974e-01 8.550429361642891690e-02 1.372288872584176700e-01 -2.454933269233977849e-03 -3.108562874511898166e-01 6.301119498856343549e-18 -1.529606934056667589e-01 -2.152999148279212405e-01 -2.883860451005624409e-02 4.456769667675475333e-02 6.815471475709997118e-02 0.000000000000000000e+00
2.143540239754438137e-01 -1.355471390620602568e-01 -9.512999452165870132e-03 7.374919421585483803e-02 -2.347002228978289640e-01 -1.392534769363241304e-02 1.510464143042434051e-02 1.225367963775284147e-01 2.508791089718010944e-02 -1.230235675900774872e-01 -1.129902182371638197e-01 0.000000000000000000e+00 -2.730787796387432187e-01 3.771203779048509785e-01 4.340285521875268671e-02 3.066498521418280498e-01 2.765630028817502722e-02 -1.667057767190125717e-01 1.216396883308515087e-01 -1.480061994741331197e-02 -4.409322201775617983e-02 -1.330083573301554245e-01 1.074539661010643909e-01 2.251703418719906424e-01 -2.972696101230377086e-01 2.016211810091328438e-01 1.529606934056667589e-01 4.908936569988412226e-17 -8.012473687067270256e-02 -3.540708087616011024e-02 -2.114275846024850913e-01 -1.302876950681978452e-01 2.143540239754438137e-01 -1.355471390620602568e-01 -9.512999452165870132e-03 7.374919421585483803e-02 -2.347002228978289640e-01 -1.392534769363241304e-02 1.510464143042434051e-02 1.225367963775284147e-01 2.508791089718010944e-02 -1.230235675900774872e-01 -1.129902182371638197e-01 -7.027951694982011999e-01 -2.730787796387432187e-01 3.771203779048509785e-01 4.340285521875268671e-02 3.066498521418280498e-01 2.765630028817502722e-02 -1.667057767190125717e-01 1.216396883308515087e-01 -1.480061994741331197e-02 -4.409322201775617983e-02 -1.330083573301554245e-01 1.074539661010643909e-01 2.251703418719906424e-01 -2.972696101230377086e-01 2.016211810091328438e-01 1.529606934056667589e-01 4.908936569988412226e-17 -8.012473687067270256e-02 -3.540708087616011024e-02 -2.114275846024850913e-01 -1.302876950681978452e-01 0.000000000000000000e+00
1.825819508196619700e-01 -2.066278628036793269e-02 2.842146081751962747e-02 5.286155031321272679e-02 -1.419761031237312676e-01 8.740494612092364335e-02 -1.105137191335931884e-01 2.883448222104881276e-01 6.556691480750896639e-02 -1.489216612389178684e-01 2.539646018912800410e-02 -2.730787796387432187e-01 0.000000000000000000e+00 2.901597766023771841e-01 -5.285935030177599421e-03 3.150846310316354065e-02 -1.130026018628891155e-01 1.704864707291237763e-02 7.020529462024929779e-02 8.165465364935034498e-02 -1.983738540692062957e-01 -1.868449587457325645e-01 6.463966131809260884e-02 -1.683020620516410479e-02 5.495470217096271731e-02 1.785932387607692962e-01 2.152999148279213237e-01 8.012473687067266093e-02 2.018358672028251359e-17 -3.177681968177810401e-02 -9.763284769498981053e-02 -1.578939873909896707e-01 1.825819508196619700e-01 -2.066278628036793269e-02 2.842146081751962747e-02 5.286155031321272679e-02 -1.419761031237312676e-01 8.740494612092364335e-02 -1.105137191335931884e-01 2.883448222104881276e-01 6.556691480750896639e-02 -1.489216612389178684e-01 2.539646018912800410e-02 -2.730787796387432187e-01 -8.109562765853942645e-01 2.901597766023771841e-01 -5.285935030177599421e-03 3.150846310316354065e-02 -1.130026018628891155e-01 1.704864707291237763e-02 7.020529462024929779e-02 8.165465364935034498e-02 -1.983738540692062957e-01 -1.868449587457325645e-01 6.463966131809260884e-02 -1.683020620516410479e-02 5.495470217096271731e-02 1.785932387607692962e-01 2.152999148279213237e-01 8.012473687067266093e-02 2.018358672028251359e-17 -3.177681968177810401e-02 -9.763284769498981053e-02 -1.578939873909896707e-01 0.000000000000000000e+00
-9.347672972424281301e-02 -1.005190648874957765e-01 4.471715517513760035e-02 1.755257969355345782e-01 1.859145419276391209e-01 8.191586464712241611e-02 7.553935175073654695e-02 3.317023417809905703e-03 -5.113561799535081692e-02 2.025320584204701180e-01 1.445899947628357107e-01 3.771203779048509785e-01 2.901597766023771841e-01 0.000000000000000000e+00 1.126977706506909066e-01 -4.606163571754322006e-01 -1.067355690904546600e-01 1.118567546899214005e-01 9.290459246407679894e-02 -9.740865139658122507e-02 2.324754428069594758e-01 -1.932050195096604028e-01 -6.814430022098055817e-02 -3.433286829744349178e-01 2.998194571203650627e-01 -1.703132986856023823e-01 2.883860451005624409e-02 3.540708087616015187e-02 3.177681968177811095e-02 5.404947012227173589e-18 4.805247562997828209e-02 3.095728923165153024e-02 -9.347672972424281301e-02 -1.005190648874957765e-01 4.471715517513760035e-02 1.755257969355345782e-01 1.859145419276391209e-01 8.191586464712241611e-02 7.553935175073654695e-02 3.317023417809905703e-03 -5.113561799535081692e-02 2.025320584204701180e-01 1.445899947628357107e-01 3.771203779048509785e-01 2.901597766023771841e-01 -1.000000000000000000e+00 1.126977706506909066e-01 -4.606163571754322006e-01 -1.067355690904546600e-01 1.118567546899214005e-01 9.290459246407679894e-02 -9.740865139658122507e-02 2.324754428069594758e-01 -1.932050195096604028e-01 -6.814430022098055817e-02 -3.433286829744349178e-01 2.998194571203650627e-01 -1.703132986856023823e-01 2.883860451005624409e-02 3.540708087616015187e-02 3.177681968177811095e-02 5.404947012227173589e-18 4.805247562997828209e-02 3.095728923165153024e-02 0.000000000000000000e+00
1.798249991689170324e-01 -1.626364463400666316e-01 1.513692560715037549e-01 7.864771434400816275e-02 6.442405782076909837e-02 -1.711575624467164825e-01 3.005846356980074185e-02 -3.325769405688312752e-02 -6.926549397851630707e-02 3.059272586557451601e-01 2.272288332572383884e-01 4.340285521875268671e-02 -5.285935030177599421e-03 1.126977706506909066e-01 0.000000000000000000e+00 -8.412059291526083338e-02 -1.311329495496141861e-01 3.209764312285939836e-02 -4.991354193173144771e-02 -1.746861441044018359e-01 -8.377062935230965290e-02 -7.148472345934704653e-02 -2.477611493703776868e-02 -4.720436837599092939e-02 7.038963634253757318e-02 7.657406066501472319e-02 -4.456769667675477414e-02 2.114275846024850358e-01 9.763284769498985216e-02 -4.805247562997828209e-02 4.082330671227255313e-18 7.518631329461437918e-02 1.798249991689170324e-01 -1.626364463400666316e-01 1.513692560715037549e-01 7.864771434400816275e-02 6.442405782076909837e-02 -1.711575624467164825e-01 3.005846356980074185e-02 -3.325769405688312752e-02 -6.926549397851630707e-02 3.059272586557451601e-01 2.272288332572383884e-01 4.340285521875268671e-02 -5.285935030177599421e-03 1.126977706506909066e-01 -6.981004127953271965e-01 -8.412059291526083338e-02 -1.311329495496141861e-01 3.209764312285939836e-02 -4.991354193173144771e-02 -1.746861441044018359e-01 -8.377062935230965290e-02 -7.148472345934704653e-02 -2.477611493703776868e-02 -4.720436837599092939e-02 7.038963634253757318e-02 7.657406066501472319e-02 -4.456769667675477414e-02 2.114275846024850358e-01 9.763284769498985216e-02 -4.805247562997828209e-02 4.082330671227255313e-18 7.518631329461437918e-02 0.000000000000000000e+00
5.354338712019444946e-02 -1.192990652475857394e-01 1.817473853179973620e-01 9.438784120258301991e-02 5.571086667536046672e-02 -1.908435766484161966e-01 -1.139965776214682536e-03 1.147760317409801112e-01 -8.783992303431943649e-02 7.973566933656116296e-02 2.391395989378284348e-01 3.066498521418280498e-01 3.150846310316354065e-02 -4.606163571754322006e-01 -8.412059291526083338e-02 0.000000000000000000e+00 -1.322402379060313715e-01 1.528700444885840448e-01 -1.254550915635986030e-01 -1.118755162235079981e-01 3.049220054442457473e-01 -4.525586082904502899e-02 -1.692798015815299151e-01 -2.662850205459842412e-01 2.400496328057432072e-01 -8.275592032855884350e-02 -6.815471475709995730e-02 1.302876950681977897e-01 1.578939873909896430e-01 -3.095728923165152677e-02 -7.518631329461437918e-02 -4.765896943107596303e-17 5.354338712019444946e-02 -1.192990652475857394e-01 1.817473853179973620e-01 9.438784120258301991e-02 5.571086667536046672e-02 -1.908435766484161966e-01 -1.139965776214682536e-03 1.147760317409801112e-01 -8.783992303431943649e-02 7.973566933656116296e-02 2.391395989378284348e-01 3.066498521418280498e-01 3.150846310316354065e-02 -4.606163571754322006e-01 -8.412059291526083338e-02 -8.356915177510605419e-01 -1.322402379060313715e-01 1.528700444885840448e-01 -1.254550915635986030e-01 -1.118755162235079981e-01 3.049220054442457473e-01 -4.525586082904502899e-02 -1.692798015815299151e-01 -2.662850205459842412e-01 2.400496328057432072e-01 -8.275592032855884350e-02 -6.815471475709995730e-02 1.302876950681977897e-01 1.578939873909896430e-01 -3.095728923165152677e-02 -7.518631329461437918e-02 -4.765896943107596303e-17 0.000000000000000000e+00
1.055409616072180436e-18 -4.465829721462542118e-02 6.135037585040067909e-02 5.049236848312219778e-02 -1.295347106401289194e-01 -6.889053799346839257e-02 -6.338769121369177903e-03 1.609974856777877938e-01 -5.926576528316711973e-02 -2.484158913168772742e-02 1.634893570550280117e-01 2.765630028817502722e-02 -1.130026018628891155e-01 -1.067355690904546600e-01 -1.311329495496141861e-01 -1.322402379060313715e-01 0.000000000000000000e+00 1.400799376237536475e-01 3.107200382569574870e-02 -1.090561000802393460e-01 6.549496327796265616e-02 -6.999040044849896836e-02 -1.918168665991925106e-02 -1.559837298765880675e-01 1.223298871122790454e-01 1.668226947401580187e-02 1.193016226189376194e-01 2.143540239754437859e-01 1.825819508196620811e-01 -9.347672972424282689e-02 1.798249991689170324e-01 5.354338712019443558e-02 1.055409616072180436e-18 -4.465829721462542118e-02 6.135037585040067909e-02 5.049236848312219778e-02 -1.295347106401289194e-01 -6.889053799346839257e-02 -6.338769121369177903e-03 1.609974856777877938e-01 -5.926576528316711973e-02 -2.484158913168772742e-02 1.634893570550280117e-01 2.765630028817502722e-02 -1.130026018628891155e-01 -1.067355690904546600e-01 -1.311329495496141861e-01 -1.322402379060313715e-01 -4.578360137794879603e-01 1.400799376237536475e-01 3.107200382569574870e-02 -1.090561000802393460e-01 6.549496327796265616e-02 -6.999040044849896836e-02 -1.918168665991925106e-02 -1.559837298765880675e-01 1.223298871122790454e-01 1.668226947401580187e-02 1.193016226189376194e-01 2.143540239754437859e-01 1.825819508196620811e-01 -9.347672972424282689e-02 1.798249991689170324e-01 5.354338712019443558e-02 0.000000000000000000e+00
4.465829721462545587e-02 3.118683231048166708e-18 -4.896599779208055808e-02 1.531722851842410305e-01 -1.539323932581244669e-01 1.288379965514120928e-01 -1.473265209272401899e-01 1.528542508832304025e-01 -3.812527627037740063e-02 -1.851226358876753575e-01 -5.403543902705123386e-02 -1.667057767190125717e-01 1.704864707291237763e-02 1.118567546899214005e-01 3.209764312285939836e-02 1.528700444885840448e-01 1.400799376237536475e-01 0.000000000000000000e+00 4.553754515737643699e-02 2.006793749773705740e-02 3.058036559423919776e-02 -1.588177972927382609e-01 6.968281591940189701e-02 4.876207873506008261e-02 -1.006185255203081302e-02 8.146805364930730098e-02 6.237335038738494458e-02 -1.355471390620602012e-01 -2.066278628036792228e-02 -1.005190648874957626e-01 -1.626364463400666871e-01 -1.192990652475857116e-01 4.465829721462545587e-02 3.118683231048166708e-18 -4.896599779208055808e-02 1.531722851842410305e-01 -1.539323932581244669e-01 1.288379965514120928e-01 -1.473265209272401899e-01 1.528542508832304025e-01 -3.812527627037740063e-02 -1.851226358876753575e-01 -5.403543902705123386e-02 -1.667057767190125717e-01 1.704864707291237763e-02 1.118567546899214005e-01 3.209764312285939836e-02 1.528700444885840448e-01 1.400799376237536475e-01 -5.653979183660583496e-01 4.553754515737643699e-02 2.006793749773705740e-02 3.058036559423919776e-02 -1.588177972927382609e-01 6.968281591940189701e-02 4.876207873506008261e-02 -1.006185255203081302e-02 8.146805364930730098e-02 6.237335038738494458e-02 -1.355471390620602012e-01 -2.066278628036792228e-02 -1.005190648874957626e-01 -1.626364463400666871e-01 -1.192990652475857116e-01 0.000000000000000000e+00
-6.135037585040065827e-02 4.896599779208054420e-02 -2.368279882459093114e-18 5.313073191155047274e-03 6.915013782880151394e-02 -1.830239635477173554e-01 -8.046990738546987154e-02 8.917628660076429292e-02 1.284120513351620085e-01 -5.078806289144095071e-02 -1.256096490635036089e-01 1.216396883308515087e-01 7.020529462024929779e-02 9.290459246407679894e-02 -4.991354193173144771e-02 -1.254550915635986030e-01 3.107200382569574870e-02 4.553754515737643699e-02 0.000000000000000000e+00 6.972827493545415145e-02 6.860496074401341293e-02 4.370970080347765241e-01 -4.587347094783511547e-02 3.926935103455073822e-02 2.153948429823538957e-01 -9.687073941123787446e-02 -1.381033735309591948e-01 -9.512999452165864928e-03 2.842146081751964481e-02 4.471715517513762117e-02 1.513692560715036994e-01 1.817473853179973342e-01 -6.135037585040065827e-02 4.896599779208054420e-02 -2.368279882459093114e-18 5.313073191155047274e-03 6.915013782880151394e-02 -1.830239635477173554e-01 -8.046990738546987154e-02 8.917628660076429292e-02 1.284120513351620085e-01 -5.078806289144095071e-02 -1.256096490635036089e-01 1.216396883308515087e-01 7.020529462024929779e-02 9.290459246407679894e-02 -4.991354193173144771e-02 -1.254550915635986030e-01 3.107200382569574870e-02 4.553754515737643699e-02 -5.486197376278234561e-01 6.972827493545415145e-02 6.860496074401341293e-02 4.370970080347765241e-01 -4.587347094783511547e-02 3.926935103455073822e-02 2.153948429823538957e-01 -9.687073941123787446e-02 -1.381033735309591948e-01 -9.512999452165864928e-03 2.842146081751964481e-02 4.471715517513762117e-02 1.513692560715036994e-01 1.817473853179973342e-01 0.000000000000000000e+00
-5.049236848312218390e-02 -1.531722851842410582e-01 -5.313073191155042937e-03 1.898999832787614938e-17 9.787072773810322202e-02 -1.215172901238196629e-01 -6.748112715327052313e-02 -1.624398717082790183e-02 1.105774318463461636e-01 6.433126630477824237e-02 1.686724356041404416e-01 -1.480061994741331197e-02 8.165465364935034498e-02 -9.740865139658122507e-02 -1.746861441044018359e-01 -1.118755162235079981e-01 -1.090561000802393460e-01 2.006793749773705740e-02 6.972827493545415145e-02 0.000000000000000000e+00 1.056203934866912775e-01 -1.239463974460252721e-01 -7.153082565905349854e-02 -1.257492374521516354e-01 -5.261664983211256086e-02 -1.503217924486777851e-02 -7.436633446478095599e-02 7.374919421585481027e-02 5.286155031321270598e-02 1.755257969355346337e-01 7.864771434400816275e-02 9.438784120258301991e-02 -5.049236848312218390e-02 -1.531722851842410582e-01 -5.313073191155042937e-03 1.898999832787614938e-17 9.787072773810322202e-02 -1.215172901238196629e-01 -6.748112715327052313e-02 -1.624398717082790183e-02 1.105774318463461636e-01 6.433126630477824237e-02 1.686724356041404416e-01 -1.480061994741331197e-02 8.165465364935034498e-02 -9.740865139658122507e-02 -1.746861441044018359e-01 -1.118755162235079981e-01 -1.090561000802393460e-01 2.006793749773705740e-02 6.972827493545415145e-02 -5.026087720286227523e-01 1.056203934866912775e-01 -1.239463974460252721e-01 -7.153082565905349854e-02 -1.257492374521516354e-01 -5.261664983211256086e-02 -1.503217924486777851e-02 -7.436633446478095599e-02 7.374919421585481027e-02 5.286155031321270598e-02 1.755257969355346337e-01 7.864771434400816275e-02 9.438784120258301991e-02 0.000000000000000000e+00
1.295347106401289194e-01 1.539323932581244669e-01 -6.915013782880152782e-02 -9.787072773810320814e-02 9.707874086631480639e-18 1.972500884374554508e-01 -1.208919493947306634e-01 -1.618614103146831171e-02 1.265173653229529904e-01 1.791464395063920023e-02 2.113273296254928116e-02 -4.409322201775617983e-02 -1.983738540692062957e-01 2.324754428069594758e-01 -8.377062935230965290e-02 3.049220054442457473e-01 6.549496327796265616e-02 3.058036559423919776e-02 6.860496074401341293e-02 1.056203934866912775e-01 0.000000000000000000e+00 -1.543753407286376222e-01 1.038524830780950814e-01 2.318363790405671976e-01 -4.865883956387274251e-02 -8.256839294432991028e-02 2.600952256474496627e-02 -2.347002228978289362e-01 -1.419761031237312676e-01 1.859145419276391209e-01 6.442405782076911225e-02 5.571086667536049447e-02 1.295347106401289194e-01 1.539323932581244669e-01 -6.915013782880152782e-02 -9.787072773810320814e-02 9.707874086631480639e-18 1.972500884374554508e-01 -1.208919493947306634e-01 -1.618614103146831171e-02 1.265173653229529904e-01 1.791464395063920023e-02 2.113273296254928116e-02 -4.409322201775617983e-02 -1.983738540692062957e-01 2.324754428069594758e-01 -8.377062935230965290e-02 3.049220054442457473e-01 6.549496327796265616e-02 3.058036559423919776e-02 6.860496074401341293e-02 1.056203934866912775e-01 -6.448094812307658685e-01 -1.543753407286376222e-01 1.038524830780950814e-01 2.318363790405671976e-01 -4.865883956387274251e-02 -8.256839294432991028e-02 2.600952256474496627e-02 -2.347002228978289362e-01 -1.419761031237312676e-01 1.859145419276391209e-01 6.442405782076911225e-02 5.571086667536049447e-02 0.000000000000000000e+00
6.889053799346839257e-02 -1.288379965514120651e-01 1.830239635477172722e-01 1.215172901238196906e-01 -1.972500884374555064e-01 7.492752198078852816e-18 -4.039393587395691265e-02 -7.651419093630548209e-03 8.415874412403707983e-02 1.094921013518320059e-02 3.300961023207198974e-01 -1.330083573301554245e-01 -1.868449587457325645e-01 -1.932050195096604028e-01 -7.148472345934704653e-02 -4.525586082904502899e-02 -6.999040044849896836e-02 -1.588177972927382609e-01 4.370970080347765241e-01 -1.239463974460252721e-01 -1.543753407286376222e-01 0.000000000000000000e+00 1.345378633469550000e-01 3.913123475993107725e-02 -1.625703122134886103e-02 7.838840497841478849e-02 1.491693659889567758e-01 -1.392534769363243559e-02 8.740494612092364335e-02 8.191586464712240223e-02 -1.711575624467164825e-01 -1.908435766484161411e-01 6.889053799346839257e-02 -1.288379965514120651e-01 1.830239635477172722e-01 1.215172901238196906e-01 -1.972500884374555064e-01 7.492752198078852816e-18 -4.039393587395691265e-02 -7.651419093630548209e-03 8.415874412403707983e-02 1.094921013518320059e-02 3.300961023207198974e-01 -1.330083573301554245e-01 -1.868449587457325645e-01 -1.932050195096604028e-01 -7.148472345934704653e-02 -4.525586082904502899e-02 -6.999040044849896836e-02 -1.588177972927382609e-01 4.370970080347765241e-01 -1.239463974460252721e-01 -1.543753407286376222e-01 -9.714413468167844012e-01 1.345378633469550000e-01 3.913123475993107725e-02 -1.625703122134886103e-02 7.838840497841478849e-02 1.491693659889567758e-01 -1.392534769363243559e-02 8.740494612092364335e-02 8.191586464712240223e-02 -1.711575624467164825e-01 -1.908435766484161411e-01 0.000000000000000000e+00
6.338769121369189179e-03 1.473265209272401621e-01 8.046990738546985766e-02 6.748112715327050926e-02 1.208919493947306634e-01 4.039393587395691959e-02 1.748902755085517972e-17 -8.453505024316737906e-03 -2.961747030289471963e-02 -1.150101126158426836e-02 8.550429361642891690e-02 1.074539661010643909e-01 6.463966131809260884e-02 -6.814430022098055817e-02 -2.477611493703776868e-02 -1.692798015815299151e-01 -1.918168665991925106e-02 6.968281591940189701e-02 -4.587347094783511547e-02 -7.153082565905349854e-02 1.038524830780950814e-01 1.345378633469550000e-01 0.000000000000000000e+00 1.380332773422943138e-01 1.366963416470174386e-01 -1.134244026802638527e-01 -1.167606267913320547e-02 1.510464143042432837e-02 -1.105137191335932162e-01 7.553935175073656083e-02 3.005846356980075226e-02 -1.139965776214678416e-03 6.338769121369189179e-03 1.473265209272401621e-01 8.046990738546985766e-02 6.748112715327050926e-02 1.208919493947306634e-01 4.039393587395691959e-02 1.748902755085517972e-17 -8.453505024316737906e-03 -2.961747030289471963e-02 -1.150101126158426836e-02 8.550429361642891690e-02 1.074539661010643909e-01 6.463966131809260884e-02 -6.814430022098055817e-02 -2.477611493703776868e-02 -1.692798015815299151e-01 -1.918168665991925106e-02 6.968281591940189701e-02 -4.587347094783511547e-02 -7.153082565905349854e-02 1.038524830780950814e-01 1.345378633469550000e-01 -4.605213444131797673e-01 1.380332773422943138e-01 1.366963416470174386e-01 -1.134244026802638527e-01 -1.167606267913320547e-02 1.510464143042432837e-02 -1.105137191335932162e-01 7.553935175073656083e-02 3.005846356980075226e-02 -1.139965776214678416e-03 0.000000000000000000e+00
-1.609974856777878216e-01 -1.528542508832303748e-01 -8.917628660076429292e-02 1.624398717082791571e-02 1.618614103146834293e-02 7.651419093630560352e-03 8.453505024316739641e-03 -1.285063150137077606e-17 1.848769916400012578e-02 9.985001645813076920e-02 1.372288872584176700e-01 2.251703418719906424e-01 -1.683020620516410479e-02 -3.433286829744349178e-01 -4.720436837599092939e-02 -2.662850205459842412e-01 -1.559837298765880675e-01 4.876207873506008261e-02 3.926935103455073822e-02 -1.257492374521516354e-01 2.318363790405671976e-01 3.913123475993107725e-02 1.380332773422943138e-01 0.000000000000000000e+00 1.597752664760254959e-01 2.596670889429888995e-01 -6.174899796263160628e-02 1.225367963775283592e-01 2.883448222104881831e-01 3.317023417809907438e-03 -3.325769405688314140e-02 1.147760317409801251e-01 -1.609974856777878216e-01 -1.528542508832303748e-01 -8.917628660076429292e-02 1.624398717082791571e-02 1.618614103146834293e-02 7.651419093630560352e-03 8.453505024316739641e-03 -1.285063150137077606e-17 1.848769916400012578e-02 9.985001645813076920e-02 1.372288872584176700e-01 2.251703418719906424e-01 -1.683020620516410479e-02 -3.433286829744349178e-01 -4.720436837599092939e-02 -2.662850205459842412e-01 -1.559837298765880675e-01 4.876207873506008261e-02 3.926935103455073822e-02 -1.257492374521516354e-01 2.318363790405671976e-01 3.913123475993107725e-02 1.380332773422943138e-01 -8.236646721277983696e-01 1.597752664760254959e-01 2.596670889429888995e-01 -6.174899796263160628e-02 1.225367963775283592e-01 2.883448222104881831e-01 3.317023417809907438e-03 -3.325769405688314140e-02 1.147760317409801251e-01 0.000000000000000000e+00
