0.000000000000000000e+00 -8.106852090278701684e-02 3.759125896828501290e-01 -1.724695045675963267e-01 2.166248098988816234e-02 -2.332061580312509708e-01 -1.447416935340465616e-01 -1.719773734828114742e-01 7.834017596151834906e-02 2.010725126452763412e-01 4.432351013666344097e-02 -9.932826131794780800e-02 2.935509502905318119e-02 1.426911975856575213e-02 1.219389860366241890e-01 -2.957762279860765564e-01 5.877025352736142897e-18 2.666189811305256785e-01 -1.336532257915697686e-01 6.683534984614378227e-02 -9.822488571569425175e-02 8.548170365297289020e-02 1.005231815515170851e-02 -1.536640449238428074e-01 2.113088823501741709e-01 -2.372303796878381249e-02 -6.472461569546156257e-02 2.691749910954796543e-02 3.129312115284924034e-02 -1.538473501722492087e-01 -1.643767528377726717e-01 -6.147080709237307677e-02 -7.412894709680577510e-01 -8.106852090278701684e-02 3.759125896828501290e-01 -1.724695045675963267e-01 2.166248098988816234e-02 -2.332061580312509708e-01 -1.447416935340465616e-01 -1.719773734828114742e-01 7.834017596151834906e-02 2.010725126452763412e-01 4.432351013666344097e-02 -9.932826131794780800e-02 2.935509502905318119e-02 1.426911975856575213e-02 1.219389860366241890e-01 -2.957762279860765564e-01 5.877025352736142897e-18 2.666189811305256785e-01 -1.336532257915697686e-01 6.683534984614378227e-02 -9.822488571569425175e-02 8.548170365297289020e-02 1.005231815515170851e-02 -1.536640449238428074e-01 2.113088823501741709e-01 -2.372303796878381249e-02 -6.472461569546156257e-02 2.691749910954796543e-02 3.129312115284924034e-02 -1.538473501722492087e-01 -1.643767528377726717e-01 -6.147080709237307677e-02 0.000000000000000000e+00
-8.106852090278701684e-02 0.000000000000000000e+00 1.626155675823890909e-02 4.392744696627828849e-02 1.048522935399029583e-02 -1.505311577326990391e-01 -7.954887181913621041e-02 4.120715086897741575e-02 6.835137302638913392e-02 1.590024955307033083e-01 -4.274236247305073649e-02 6.413700963256230292e-02 -6.656228780417527968e-02 9.031332361655654284e-02 5.805872538446515269e-02 3.910953939658375067e-02 -2.666189811305256785e-01 -9.566772841978065802e-18 1.718553963015029273e-01 -9.297690697661216419e-02 2.217624522502792059e-02 -7.096532839477508181e-02 4.588406592835410705e-03 2.761032561189804072e-02 8.493420609095329865e-02 3.811825803810549307e-02 5.101588816389251296e-02 -1.893806148998221361e-02 7.600321017001658574e-02 -1.747069093342947244e-01 -4.122536617501468964e-02 -1.466596458434032135e-01 -8.106852090278701684e-02 -4.575530872036612240e-01 1.626155675823890909e-02 4.392744696627828849e-02 1.048522935399029583e-02 -1.505311577326990391e-01 -7.954887181913621041e-02 4.120715086897741575e-02 6.835137302638913392e-02 1.590024955307033083e-01 -4.274236247305073649e-02 6.413700963256230292e-02 -6.656228780417527968e-02 9.031332361655654284e-02 5.805872538446515269e-02 3.910953939658375067e-02 -2.666189811305256785e-01 -9.566772841978065802e-18 1.718553963015029273e-01 -9.297690697661216419e-02 2.217624522502792059e-02 -7.096532839477508181e-02 4.588406592835410705e-03 2.761032561189804072e-02 8.493420609095329865e-02 3.811825803810549307e-02 5.101588816389251296e-02 -1.893806148998221361e-02 7.600321017001658574e-02 -1.747069093342947244e-01 -4.122536617501468964e-02 -1.466596458434032135e-01 0.000000000000000000e+00
3.759125896828501290e-01 1.626155675823890909e-02 0.000000000000000000e+00 -1.916075935432224459e-02 3.537480601395131402e-02 1.941977585696857689e-01 6.542933427721613071e-02 7.784059165491510890e-02 7.861840245402126892e-02 4.937787271263798655e-02 -1.292916441418491824e-01 1.142749345832929919e-01 -9.746393811945718022e-02 -5.774984649002327941e-02 -1.195165774948726140e-01 4.207551020744696585e-02 1.336532257915697131e-01 -1.718553963015029551e-01 -1.088290970350131110e-18 8.715662186720282353e-03 1.168777652712841945e-02 -5.753573951468413279e-03 -1.385569058761612106e-02 9.863989319238598841e-02 -1.569352115663373293e-01 -6.685791114137526470e-02 5.467217335593090033e-02 5.898897139530656641e-02 -9.430252466386654375e-02 1.502022335960913890e-01 1.214234562222766406e-01 1.167583851329590189e-03 3.759125896828501290e-01 1.626155675823890909e-02 -6.689750580435085414e-01 -1.916075935432224459e-02 3.537480601395131402e-02 1.941977585696857689e-01 6.542933427721613071e-02 7.784059165491510890e-02 7.861840245402126892e-02 4.937787271263798655e-02 -1.292916441418491824e-01 1.142749345832929919e-01 -9.746393811945718022e-02 -5.774984649002327941e-02 -1.195165774948726140e-01 4.207551020744696585e-02 1.336532257915697131e-01 -1.718553963015029551e-01 -1.088290970350131110e-18 8.715662186720282353e-03 1.168777652712841945e-02 -5.753573951468413279e-03 -1.385569058761612106e-02 9.863989319238598841e-02 -1.569352115663373293e-01 -6.685791114137526470e-02 5.467217335593090033e-02 5.898897139530656641e-02 -9.430252466386654375e-02 1.502022335960913890e-01 1.214234562222766406e-01 1.167583851329590189e-03 0.000000000000000000e+00
-1.724695045675963267e-01 4.392744696627828849e-02 -1.916075935432224459e-02 0.000000000000000000e+00 -9.446242459094585141e-04 5.646691810530828776e-02 -6.308875340972590340e-02 -6.805404830896972894e-03 1.255590592674947666e-02 1.448876927807744019e-01 1.298754182579509725e-03 2.314461863388181731e-02 -4.555463807672080305e-03 -1.847726649790267309e-02 1.030136480907469371e-01 7.629805567487717155e-02 -6.683534984614375452e-02 9.297690697661215031e-02 -8.715662186720275414e-03 4.077883721556690532e-18 2.816342187225025911e-02 -1.875236319534275831e-01 -6.044496159505365757e-02 -1.337918838853891512e-01 -1.220862507265769309e-01 -3.433308819045634980e-02 -1.298961880633250909e-01 -1.112898177066672240e-01 -5.036790879539946447e-02 -1.344674291704479711e-02 5.822536781445450393e-02 2.675600628296182643e-02 -1.724695045675963267e-01 4.392744696627828849e-02 -1.916075935432224459e-02 -5.559763873807538337e-01 -9.446242459094585141e-04 5.646691810530828776e-02 -6.308875340972590340e-02 -6.805404830896972894e-03 1.255590592674947666e-02 1.448876927807744019e-01 1.298754182579509725e-03 2.314461863388181731e-02 -4.555463807672080305e-03 -1.847726649790267309e-02 1.030136480907469371e-01 7.629805567487717155e-02 -6.683534984614375452e-02 9.297690697661215031e-02 -8.715662186720275414e-03 4.077883721556690532e-18 2.816342187225025911e-02 -1.875236319534275831e-01 -6.044496159505365757e-02 -1.337918838853891512e-01 -1.220862507265769309e-01 -3.433308819045634980e-02 -1.298961880633250909e-01 -1.112898177066672240e-01 -5.036790879539946447e-02 -1.344674291704479711e-02 5.822536781445450393e-02 2.675600628296182643e-02 0.000000000000000000e+00
2.166248098988816234e-02 1.048522935399029583e-02 3.537480601395131402e-02 -9.446242459094585141e-04 0.000000000000000000e+00 6.620886341692043889e-03 4.403287542250125530e-02 -4.496633017983112102e-02 8.582110969467052208e-02 -6.516269835415690326e-02 -4.852136339007809274e-02 1.487677305576186049e-01 -1.121852762688771710e-01 9.252317510216992447e-02 -2.383334231418041127e-02 1.882696554280479662e-01 9.822488571569423788e-02 -2.217624522502790671e-02 -1.168777652712842466e-02 -2.816342187225026952e-02 1.234351615739789478e-17 -1.644793354669858432e-01 1.203738893914144681e-01 6.470160288304342699e-02 3.689874613360528965e-02 3.455324229525942592e-02 1.777080731689510001e-02 6.671056847175917126e-02 -8.883683690319471582e-02 -1.082595771926674472e-01 -5.683152480797366846e-02 1.415388909985545451e-01 2.166248098988816234e-02 1.048522935399029583e-02 3.537480601395131402e-02 -9.446242459094585141e-04 -3.274967793792104009e-01 6.620886341692043889e-03 4.403287542250125530e-02 -4.496633017983112102e-02 8.582110969467052208e-02 -6.516269835415690326e-02 -4.852136339007809274e-02 1.487677305576186049e-01 -1.121852762688771710e-01 9.252317510216992447e-02 -2.383334231418041127e-02 1.882696554280479662e-01 9.822488571569423788e-02 -2.217624522502790671e-02 -1.168777652712842466e-02 -2.816342187225026952e-02 1.234351615739789478e-17 -1.644793354669858432e-01 1.203738893914144681e-01 6.470160288304342699e-02 3.689874613360528965e-02 3.455324229525942592e-02 1.777080731689510001e-02 6.671056847175917126e-02 -8.883683690319471582e-02 -1.082595771926674472e-01 -5.683152480797366846e-02 1.415388909985545451e-01 0.000000000000000000e+00
-2.332061580312509708e-01 -1.505311577326990391e-01 1.941977585696857689e-01 5.646691810530828776e-02 6.620886341692043889e-03 0.000000000000000000e+00 1.402247479150306800e-03 -1.473250381201974546e-01 2.186813644020201355e-02 1.574316949111079222e-01 3.757565178392782007e-02 2.167360023763228172e-01 6.301472257509756203e-02 1.831051184115740638e-01 -1.486611126453045717e-01 1.603185543261505686e-03 -8.548170365297287632e-02 7.096532839477504018e-02 5.753573951468356901e-03 1.875236319534275553e-01 1.644793354669858154e-01 -3.074086685438134460e-17 -3.140061285833792293e-02 8.078982926665943809e-02 8.098352712463564862e-02 2.903374796386851489e-02 1.349769315028409022e-01 -1.601671026118666186e-01 8.794246971889291276e-02 -1.041289153093567649e-01 -6.773750537948762529e-02 -2.662913394708696924e-01 -2.332061580312509708e-01 -1.505311577326990391e-01 1.941977585696857689e-01 5.646691810530828776e-02 6.620886341692043889e-03 -9.236454197923866793e-01 1.402247479150306800e-03 -1.473250381201974546e-01 2.186813644020201355e-02 1.574316949111079222e-01 3.757565178392782007e-02 2.167360023763228172e-01 6.301472257509756203e-02 1.831051184115740638e-01 -1.486611126453045717e-01 1.603185543261505686e-03 -8.548170365297287632e-02 7.096532839477504018e-02 5.753573951468356901e-03 1.875236319534275553e-01 1.644793354669858154e-01 -3.074086685438134460e-17 -3.140061285833792293e-02 8.078982926665943809e-02 8.098352712463564862e-02 2.903374796386851489e-02 1.349769315028409022e-01 -1.601671026118666186e-01 8.794246971889291276e-02 -1.041289153093567649e-01 -6.773750537948762529e-02 -2.662913394708696924e-01 0.000000000000000000e+00
-1.447416935340465616e-01 -7.954887181913621041e-02 6.542933427721613071e-02 -6.308875340972590340e-02 4.403287542250125530e-02 1.402247479150306800e-03 0.000000000000000000e+00 -1.427518995069140539e-01 -2.747497215168308304e-02 1.066474016007924880e-01 -2.539463135382628162e-02 2.310555881968281988e-02 3.885570350689102753e-02 1.051904913739741890e-02 3.986713020509657229e-02 -2.052935993345114951e-01 -1.005231815515170157e-02 -4.588406592835428052e-03 1.385569058761612453e-02 6.044496159505363675e-02 -1.203738893914144681e-01 3.140061285833792293e-02 -1.698559677905174650e-18 -2.213990356967981618e-02 1.056088068590986806e-01 -1.184696580052389536e-01 -3.902412429212381156e-02 7.952656465560999088e-02 -3.507711487034320674e-02 -1.122535843435098074e-01 1.157899920594815529e-01 -1.386865616086688582e-02 -1.447416935340465616e-01 -7.954887181913621041e-02 6.542933427721613071e-02 -6.308875340972590340e-02 4.403287542250125530e-02 1.402247479150306800e-03 -3.538453946360998748e-01 -1.427518995069140539e-01 -2.747497215168308304e-02 1.066474016007924880e-01 -2.539463135382628162e-02 2.310555881968281988e-02 3.885570350689102753e-02 1.051904913739741890e-02 3.986713020509657229e-02 -2.052935993345114951e-01 -1.005231815515170157e-02 -4.588406592835428052e-03 1.385569058761612453e-02 6.044496159505363675e-02 -1.203738893914144681e-01 3.140061285833792293e-02 -1.698559677905174650e-18 -2.213990356967981618e-02 1.056088068590986806e-01 -1.184696580052389536e-01 -3.902412429212381156e-02 7.952656465560999088e-02 -3.507711487034320674e-02 -1.122535843435098074e-01 1.157899920594815529e-01 -1.386865616086688582e-02 0.000000000000000000e+00
-1.719773734828114742e-01 4.120715086897741575e-02 7.784059165491510890e-02 -6.805404830896972894e-03 -4.496633017983112102e-02 -1.473250381201974546e-01 -1.427518995069140539e-01 0.000000000000000000e+00 -4.851808404431286886e-02 1.259392976293148281e-01 1.503715189594523882e-01 8.886002931745689767e-03 5.200870326015570588e-02 1.785057598195230466e-02 -1.248159664812457069e-02 -2.701461307396849088e-02 1.536640449238428074e-01 -2.761032561189801643e-02 -9.863989319238598841e-02 1.337918838853891790e-01 -6.470160288304339924e-02 -8.078982926665947972e-02 2.213990356967979189e-02 1.396627615683378973e-17 8.505983635124561570e-02 -3.969398120595355600e-03 6.126310448047846136e-02 1.295647870044543126e-01 -6.747298788718612828e-02 -1.170815676443514031e-01 -7.729879048068054141e-03 -2.155107637939505938e-02 -1.719773734828114742e-01 4.120715086897741575e-02 7.784059165491510890e-02 -6.805404830896972894e-03 -4.496633017983112102e-02 -1.473250381201974546e-01 -1.427518995069140539e-01 -5.380601917260290357e-01 -4.851808404431286886e-02 1.259392976293148281e-01 1.503715189594523882e-01 8.886002931745689767e-03 5.200870326015570588e-02 1.785057598195230466e-02 -1.248159664812457069e-02 -2.701461307396849088e-02 1.536640449238428074e-01 -2.761032561189801643e-02 -9.863989319238598841e-02 1.337918838853891790e-01 -6.470160288304339924e-02 -8.078982926665947972e-02 2.213990356967979189e-02 1.396627615683378973e-17 8.505983635124561570e-02 -3.969398120595355600e-03 6.126310448047846136e-02 1.295647870044543126e-01 -6.747298788718612828e-02 -1.170815676443514031e-01 -7.729879048068054141e-03 -2.155107637939505938e-02 0.000000000000000000e+00
7.834017596151834906e-02 6.835137302638913392e-02 7.861840245402126892e-02 1.255590592674947666e-02 8.582110969467052208e-02 2.186813644020201355e-02 -2.747497215168308304e-02 -4.851808404431286886e-02 0.000000000000000000e+00 1.109027614113028935e-02 8.435368178775023984e-02 -3.336219185244077533e-03 1.741258605873407528e-01 8.282908467615480996e-02 6.844594580302824915e-02 5.955592682152412859e-02 -2.113088823501741986e-01 -8.493420609095328477e-02 1.569352115663372738e-01 1.220862507265769031e-01 -3.689874613360528965e-02 -8.098352712463564862e-02 -1.056088068590986806e-01 -8.505983635124561570e-02 2.547724263551034176e-18 2.244447503511496911e-01 -4.203211232356143801e-02 1.841383140090192827e-02 8.573474969231847931e-02 1.023841179804390600e-01 5.430808963966150815e-02 -1.037944292045219069e-01 7.834017596151834906e-02 6.835137302638913392e-02 7.861840245402126892e-02 1.255590592674947666e-02 8.582110969467052208e-02 2.186813644020201355e-02 -2.747497215168308304e-02 -4.851808404431286886e-02 -4.349853843904942230e-01 1.109027614113028935e-02 8.435368178775023984e-02 -3.336219185244077533e-03 1.741258605873407528e-01 8.282908467615480996e-02 6.844594580302824915e-02 5.955592682152412859e-02 -2.113088823501741986e-01 -8.493420609095328477e-02 1.569352115663372738e-01 1.220862507265769031e-01 -3.689874613360528965e-02 -8.098352712463564862e-02 -1.056088068590986806e-01 -8.505983635124561570e-02 2.547724263551034176e-18 2.244447503511496911e-01 -4.203211232356143801e-02 1.841383140090192827e-02 8.573474969231847931e-02 1.023841179804390600e-01 5.430808963966150815e-02 -1.037944292045219069e-01 0.000000000000000000e+00
2.010725126452763412e-01 1.590024955307033083e-01 4.937787271263798655e-02 1.448876927807744019e-01 -6.516269835415690326e-02 1.574316949111079222e-01 1.066474016007924880e-01 1.259392976293148281e-01 1.109027614113028935e-02 0.000000000000000000e+00 2.824345180419866527e-02 -6.319638549203955569e-02 -2.061508234096026404e-01 -2.060177412026054436e-02 -2.268300266777227570e-02 -4.853652216106512512e-02 2.372303796878381943e-02 -3.811825803810549307e-02 6.685791114137529245e-02 3.433308819045633592e-02 -3.455324229525942592e-02 -2.903374796386852530e-02 1.184696580052389675e-01 3.969398120595372080e-03 -2.244447503511496356e-01 1.137664289347445648e-17 8.395189125912876429e-03 5.316927445754666970e-02 7.756085553236194419e-02 1.235515720451977467e-01 -4.198626032252158330e-02 1.895710303445256872e-01 2.010725126452763412e-01 1.590024955307033083e-01 4.937787271263798655e-02 1.448876927807744019e-01 -6.516269835415690326e-02 1.574316949111079222e-01 1.066474016007924880e-01 1.259392976293148281e-01 1.109027614113028935e-02 -5.407713448813836754e-01 2.824345180419866527e-02 -6.319638549203955569e-02 -2.061508234096026404e-01 -2.060177412026054436e-02 -2.268300266777227570e-02 -4.853652216106512512e-02 2.372303796878381943e-02 -3.811825803810549307e-02 6.685791114137529245e-02 3.433308819045633592e-02 -3.455324229525942592e-02 -2.903374796386852530e-02 1.184696580052389675e-01 3.969398120595372080e-03 -2.244447503511496356e-01 1.137664289347445648e-17 8.395189125912876429e-03 5.316927445754666970e-02 7.756085553236194419e-02 1.235515720451977467e-01 -4.198626032252158330e-02 1.895710303445256872e-01 0.000000000000000000e+00
4.432351013666344097e-02 -4.274236247305073649e-02 -1.292916441418491824e-01 1.298754182579509725e-03 -4.852136339007809274e-02 3.757565178392782007e-02 -2.539463135382628162e-02 1.503715189594523882e-01 8.435368178775023984e-02 2.824345180419866527e-02 0.000000000000000000e+00 7.408589601919784995e-02 -1.135438783604576923e-01 2.536647194730064225e-02 3.546748069945226262e-02 4.657071963354900146e-02 6.472461569546156257e-02 -5.101588816389249215e-02 -5.467217335593092808e-02 1.298961880633250632e-01 -1.777080731689511042e-02 -1.349769315028409300e-01 3.902412429212379075e-02 -6.126310448047843360e-02 4.203211232356144494e-02 -8.395189125912886838e-03 -1.104070696041066704e-17 2.906069340078977145e-02 -4.272264200286592095e-02 -6.356966618925409540e-02 3.349991242079786418e-03 2.362633179436013919e-01 4.432351013666344097e-02 -4.274236247305073649e-02 -1.292916441418491824e-01 1.298754182579509725e-03 -4.852136339007809274e-02 3.757565178392782007e-02 -2.539463135382628162e-02 1.503715189594523882e-01 8.435368178775023984e-02 2.824345180419866527e-02 -5.060926069048051756e-01 7.408589601919784995e-02 -1.135438783604576923e-01 2.536647194730064225e-02 3.546748069945226262e-02 4.657071963354900146e-02 6.472461569546156257e-02 -5.101588816389249215e-02 -5.467217335593092808e-02 1.298961880633250632e-01 -1.777080731689511042e-02 -1.349769315028409300e-01 3.902412429212379075e-02 -6.126310448047843360e-02 4.203211232356144494e-02 -8.395189125912886838e-03 -1.104070696041066704e-17 2.906069340078977145e-02 -4.272264200286592095e-02 -6.356966618925409540e-02 3.349991242079786418e-03 2.362633179436013919e-01 0.000000000000000000e+00
-9.932826131794780800e-02 6.413700963256230292e-02 1.142749345832929919e-01 2.314461863388181731e-02 1.487677305576186049e-01 2.167360023763228172e-01 2.310555881968281988e-02 8.886002931745689767e-03 -3.336219185244077533e-03 -6.319638549203955569e-02 7.408589601919784995e-02 0.000000000000000000e+00 2.490080994445255727e-02 -1.976005998890767446e-01 8.910033954304935611e-02 -1.311260960388804103e-02 -2.691749910954796196e-02 1.893806148998220668e-02 -5.898897139530656641e-02 1.112898177066671962e-01 -6.671056847175918514e-02 1.601671026118665631e-01 -7.952656465560999088e-02 -1.295647870044543126e-01 -1.841383140090194215e-02 -5.316927445754667664e-02 -2.906069340078977145e-02 1.713735884894522474e-17 -2.423944080116950672e-02 -3.253754314106045188e-03 -1.948731664622887008e-02 -1.621970399777603877e-01 -9.932826131794780800e-02 6.413700963256230292e-02 1.142749345832929919e-01 2.314461863388181731e-02 1.487677305576186049e-01 2.167360023763228172e-01 2.310555881968281988e-02 8.886002931745689767e-03 -3.336219185244077533e-03 -6.319638549203955569e-02 7.408589601919784995e-02 -6.104010718623433807e-01 2.490080994445255727e-02 -1.976005998890767446e-01 8.910033954304935611e-02 -1.311260960388804103e-02 -2.691749910954796196e-02 1.893806148998220668e-02 -5.898897139530656641e-02 1.112898177066671962e-01 -6.671056847175918514e-02 1.601671026118665631e-01 -7.952656465560999088e-02 -1.295647870044543126e-01 -1.841383140090194215e-02 -5.316927445754667664e-02 -2.906069340078977145e-02 1.713735884894522474e-17 -2.423944080116950672e-02 -3.253754314106045188e-03 -1.948731664622887008e-02 -1.621970399777603877e-01 0.000000000000000000e+00
2.935509502905318119e-02 -6.656228780417527968e-02 -9.746393811945718022e-02 -4.555463807672080305e-03 -1.121852762688771710e-01 6.301472257509756203e-02 3.885570350689102753e-02 5.200870326015570588e-02 1.741258605873407528e-01 -2.061508234096026404e-01 -1.135438783604576923e-01 2.490080994445255727e-02 0.000000000000000000e+00 -3.264636101931045475e-02 8.019458269109773496e-02 3.105127230227911275e-02 -3.129312115284924034e-02 -7.600321017001658574e-02 9.430252466386658539e-02 5.036790879539945753e-02 8.883683690319471582e-02 -8.794246971889291276e-02 3.507711487034321368e-02 6.747298788718611440e-02 -8.573474969231852094e-02 -7.756085553236195806e-02 4.272264200286592789e-02 2.423944080116951366e-02 -1.287564723972259987e-18 -1.449293260181105381e-01 1.573859503824149783e-02 1.656036536708525575e-01 2.935509502905318119e-02 -6.656228780417527968e-02 -9.746393811945718022e-02 -4.555463807672080305e-03 -1.121852762688771710e-01 6.301472257509756203e-02 3.885570350689102753e-02 5.200870326015570588e-02 1.741258605873407528e-01 -2.061508234096026404e-01 -1.135438783604576923e-01 2.490080994445255727e-02 -5.477523004173324717e-01 -3.264636101931045475e-02 8.019458269109773496e-02 3.105127230227911275e-02 -3.129312115284924034e-02 -7.600321017001658574e-02 9.430252466386658539e-02 5.036790879539945753e-02 8.883683690319471582e-02 -8.794246971889291276e-02 3.507711487034321368e-02 6.747298788718611440e-02 -8.573474969231852094e-02 -7.756085553236195806e-02 4.272264200286592789e-02 2.423944080116951366e-02 -1.287564723972259987e-18 -1.449293260181105381e-01 1.573859503824149783e-02 1.656036536708525575e-01 0.000000000000000000e+00
1.426911975856575213e-02 9.031332361655654284e-02 -5.774984649002327941e-02 -1.847726649790267309e-02 9.252317510216992447e-02 1.831051184115740638e-01 1.051904913739741890e-02 1.785057598195230466e-02 8.282908467615480996e-02 -2.060177412026054436e-02 2.536647194730064225e-02 -1.976005998890767446e-01 -3.264636101931045475e-02 0.000000000000000000e+00 6.663236993116787577e-02 6.070374046992852574e-02 1.538473501722491255e-01 1.747069093342947244e-01 -1.502022335960913890e-01 1.344674291704475722e-02 1.082595771926674472e-01 1.041289153093567510e-01 1.122535843435097935e-01 1.170815676443514031e-01 -1.023841179804390600e-01 -1.235515720451976912e-01 6.356966618925408152e-02 3.253754314106041719e-03 1.449293260181105103e-01 4.506157885195888055e-18 -5.759809220058809132e-02 -9.450374076875871221e-02 1.426911975856575213e-02 9.031332361655654284e-02 -5.774984649002327941e-02 -1.847726649790267309e-02 9.252317510216992447e-02 1.831051184115740638e-01 1.051904913739741890e-02 1.785057598195230466e-02 8.282908467615480996e-02 -2.060177412026054436e-02 2.536647194730064225e-02 -1.976005998890767446e-01 -3.264636101931045475e-02 -5.622206256492985332e-01 6.663236993116787577e-02 6.070374046992852574e-02 1.538473501722491255e-01 1.747069093342947244e-01 -1.502022335960913890e-01 1.344674291704475722e-02 1.082595771926674472e-01 1.041289153093567510e-01 1.122535843435097935e-01 1.170815676443514031e-01 -1.023841179804390600e-01 -1.235515720451976912e-01 6.356966618925408152e-02 3.253754314106041719e-03 1.449293260181105103e-01 4.506157885195888055e-18 -5.759809220058809132e-02 -9.450374076875871221e-02 0.000000000000000000e+00
1.219389860366241890e-01 5.805872538446515269e-02 -1.195165774948726140e-01 1.030136480907469371e-01 -2.383334231418041127e-02 -1.486611126453045717e-01 3.986713020509657229e-02 -1.248159664812457069e-02 6.844594580302824915e-02 -2.268300266777227570e-02 3.546748069945226262e-02 8.910033954304935611e-02 8.019458269109773496e-02 6.663236993116787577e-02 0.000000000000000000e+00 -5.491402802245181486e-02 1.643767528377726717e-01 4.122536617501468270e-02 -1.214234562222766406e-01 -5.822536781445451087e-02 5.683152480797366846e-02 6.773750537948761141e-02 -1.157899920594815529e-01 7.729879048068059345e-03 -5.430808963966150815e-02 4.198626032252158330e-02 -3.349991242079807235e-03 1.948731664622885967e-02 -1.573859503824149436e-02 5.759809220058808438e-02 -5.540925446261763022e-18 -1.264707794642014049e-01 1.219389860366241890e-01 5.805872538446515269e-02 -1.195165774948726140e-01 1.030136480907469371e-01 -2.383334231418041127e-02 -1.486611126453045717e-01 3.986713020509657229e-02 -1.248159664812457069e-02 6.844594580302824915e-02 -2.268300266777227570e-02 3.546748069945226262e-02 8.910033954304935611e-02 8.019458269109773496e-02 6.663236993116787577e-02 -4.797976862712335366e-01 -5.491402802245181486e-02 1.643767528377726717e-01 4.122536617501468270e-02 -1.214234562222766406e-01 -5.822536781445451087e-02 5.683152480797366846e-02 6.773750537948761141e-02 -1.157899920594815529e-01 7.729879048068059345e-03 -5.430808963966150815e-02 4.198626032252158330e-02 -3.349991242079807235e-03 1.948731664622885967e-02 -1.573859503824149436e-02 5.759809220058808438e-02 -5.540925446261763022e-18 -1.264707794642014049e-01 0.000000000000000000e+00
-2.957762279860765564e-01 3.910953939658375067e-02 4.207551020744696585e-02 7.629805567487717155e-02 1.882696554280479662e-01 1.603185543261505686e-03 -2.052935993345114951e-01 -2.701461307396849088e-02 5.955592682152412859e-02 -4.853652216106512512e-02 4.657071963354900146e-02 -1.311260960388804103e-02 3.105127230227911275e-02 6.070374046992852574e-02 -5.491402802245181486e-02 0.000000000000000000e+00 6.147080709237309759e-02 1.466596458434032135e-01 -1.167583851329613608e-03 -2.675600628296183336e-02 -1.415388909985545174e-01 2.662913394708696924e-01 1.386865616086688235e-02 2.155107637939503162e-02 1.037944292045219208e-01 -1.895710303445256040e-01 -2.362633179436014197e-01 1.621970399777604155e-01 -1.656036536708526130e-01 9.450374076875871221e-02 1.264707794642014327e-01 -1.093962898573336543e-17 -2.957762279860765564e-01 3.910953939658375067e-02 4.207551020744696585e-02 7.629805567487717155e-02 1.882696554280479662e-01 1.603185543261505686e-03 -2.052935993345114951e-01 -2.701461307396849088e-02 5.955592682152412859e-02 -4.853652216106512512e-02 4.657071963354900146e-02 -1.311260960388804103e-02 3.105127230227911275e-02 6.070374046992852574e-02 -5.491402802245181486e-02 -1.000000000000000000e+00 6.147080709237309759e-02 1.466596458434032135e-01 -1.167583851329613608e-03 -2.675600628296183336e-02 -1.415388909985545174e-01 2.662913394708696924e-01 1.386865616086688235e-02 2.155107637939503162e-02 1.037944292045219208e-01 -1.895710303445256040e-01 -2.362633179436014197e-01 1.621970399777604155e-01 -1.656036536708526130e-01 9.450374076875871221e-02 1.264707794642014327e-01 -1.093962898573336543e-17 0.000000000000000000e+00
5.877025352736142897e-18 -2.666189811305256785e-01 1.336532257915697131e-01 -6.683534984614375452e-02 9.822488571569423788e-02 -8.548170365297287632e-02 -1.005231815515170157e-02 1.536640449238428074e-01 -2.113088823501741986e-01 2.372303796878381943e-02 6.472461569546156257e-02 -2.691749910954796196e-02 -3.129312115284924034e-02 1.538473501722491255e-01 1.643767528377726717e-01 6.147080709237309759e-02 0.000000000000000000e+00 -8.106852090278703071e-02 3.759125896828501845e-01 -1.724695045675962990e-01 2.166248098988815540e-02 -2.332061580312509985e-01 -1.447416935340465616e-01 -1.719773734828114742e-01 7.834017596151834906e-02 2.010725126452763134e-01 4.432351013666342709e-02 -9.932826131794780800e-02 2.935509502905318466e-02 1.426911975856576080e-02 1.219389860366242029e-01 -2.957762279860766674e-01 5.877025352736142897e-18 -2.666189811305256785e-01 1.336532257915697131e-01 -6.683534984614375452e-02 9.822488571569423788e-02 -8.548170365297287632e-02 -1.005231815515170157e-02 1.536640449238428074e-01 -2.113088823501741986e-01 2.372303796878381943e-02 6.472461569546156257e-02 -2.691749910954796196e-02 -3.129312115284924034e-02 1.538473501722491255e-01 1.643767528377726717e-01 6.147080709237309759e-02 -7.412894709680576399e-01 -8.106852090278703071e-02 3.759125896828501845e-01 -1.724695045675962990e-01 2.166248098988815540e-02 -2.332061580312509985e-01 -1.447416935340465616e-01 -1.719773734828114742e-01 7.834017596151834906e-02 2.010725126452763134e-01 4.432351013666342709e-02 -9.932826131794780800e-02 2.935509502905318466e-02 1.426911975856576080e-02 1.219389860366242029e-01 -2.957762279860766674e-01 0.000000000000000000e+00
2.666189811305256785e-01 -9.566772841978065802e-18 -1.718553963015029551e-01 9.297690697661215031e-02 -2.217624522502790671e-02 7.096532839477504018e-02 -4.588406592835428052e-03 -2.761032561189801643e-02 -8.493420609095328477e-02 -3.811825803810549307e-02 -5.101588816389249215e-02 1.893806148998220668e-02 -7.600321017001658574e-02 1.747069093342947244e-01 4.122536617501468270e-02 1.466596458434032135e-01 -8.106852090278703071e-02 0.000000000000000000e+00 1.626155675823889868e-02 4.392744696627830930e-02 1.048522935399027328e-02 -1.505311577326990946e-01 -7.954887181913623817e-02 4.120715086897740881e-02 6.835137302638913392e-02 1.590024955307033083e-01 -4.274236247305073649e-02 6.413700963256230292e-02 -6.656228780417530744e-02 9.031332361655655672e-02 5.805872538446513881e-02 3.910953939658375761e-02 2.666189811305256785e-01 -9.566772841978065802e-18 -1.718553963015029551e-01 9.297690697661215031e-02 -2.217624522502790671e-02 7.096532839477504018e-02 -4.588406592835428052e-03 -2.761032561189801643e-02 -8.493420609095328477e-02 -3.811825803810549307e-02 -5.101588816389249215e-02 1.893806148998220668e-02 -7.600321017001658574e-02 1.747069093342947244e-01 4.122536617501468270e-02 1.466596458434032135e-01 -8.106852090278703071e-02 -4.575530872036612795e-01 1.626155675823889868e-02 4.392744696627830930e-02 1.048522935399027328e-02 -1.505311577326990946e-01 -7.954887181913623817e-02 4.120715086897740881e-02 6.835137302638913392e-02 1.590024955307033083e-01 -4.274236247305073649e-02 6.413700963256230292e-02 -6.656228780417530744e-02 9.031332361655655672e-02 5.805872538446513881e-02 3.910953939658375761e-02 0.000000000000000000e+00
-1.336532257915697686e-01 1.718553963015029273e-01 -1.088290970350131110e-18 -8.715662186720275414e-03 -1.168777652712842466e-02 5.753573951468356901e-03 1.385569058761612453e-02 -9.863989319238598841e-02 1.569352115663372738e-01 6.685791114137529245e-02 -5.467217335593092808e-02 -5.898897139530656641e-02 9.430252466386658539e-02 -1.502022335960913890e-01 -1.214234562222766406e-01 -1.167583851329613608e-03 3.759125896828501845e-01 1.626155675823889868e-02 0.000000000000000000e+00 -1.916075935432225152e-02 3.537480601395133484e-02 1.941977585696857689e-01 6.542933427721614459e-02 7.784059165491509502e-02 7.861840245402121341e-02 4.937787271263802125e-02 -1.292916441418491547e-01 1.142749345832930474e-01 -9.746393811945720798e-02 -5.774984649002324472e-02 -1.195165774948726001e-01 4.207551020744697279e-02 -1.336532257915697686e-01 1.718553963015029273e-01 -1.088290970350131110e-18 -8.715662186720275414e-03 -1.168777652712842466e-02 5.753573951468356901e-03 1.385569058761612453e-02 -9.863989319238598841e-02 1.569352115663372738e-01 6.685791114137529245e-02 -5.467217335593092808e-02 -5.898897139530656641e-02 9.430252466386658539e-02 -1.502022335960913890e-01 -1.214234562222766406e-01 -1.167583851329613608e-03 3.759125896828501845e-01 1.626155675823889868e-02 -6.689750580435086524e-01 -1.916075935432225152e-02 3.537480601395133484e-02 1.941977585696857689e-01 6.542933427721614459e-02 7.784059165491509502e-02 7.861840245402121341e-02 4.937787271263802125e-02 -1.292916441418491547e-01 1.142749345832930474e-01 -9.746393811945720798e-02 -5.774984649002324472e-02 -1.195165774948726001e-01 4.207551020744697279e-02 0.000000000000000000e+00
6.683534984614378227e-02 -9.297690697661216419e-02 8.715662186720282353e-03 4.077883721556690532e-18 -2.816342187225026952e-02 1.875236319534275553e-01 6.044496159505363675e-02 1.337918838853891790e-01 1.220862507265769031e-01 3.433308819045633592e-02 1.298961880633250632e-01 1.112898177066671962e-01 5.036790879539945753e-02 1.344674291704475722e-02 -5.822536781445451087e-02 -2.675600628296183336e-02 -1.724695045675962990e-01 4.392744696627830930e-02 -1.916075935432225152e-02 0.000000000000000000e+00 -9.446242459094523342e-04 5.646691810530828082e-02 -6.308875340972591728e-02 -6.805404830896983302e-03 1.255590592674946278e-02 1.448876927807744297e-01 1.298754182579511026e-03 2.314461863388182425e-02 -4.555463807672060356e-03 -1.847726649790267309e-02 1.030136480907468954e-01 7.629805567487714379e-02 6.683534984614378227e-02 -9.297690697661216419e-02 8.715662186720282353e-03 4.077883721556690532e-18 -2.816342187225026952e-02 1.875236319534275553e-01 6.044496159505363675e-02 1.337918838853891790e-01 1.220862507265769031e-01 3.433308819045633592e-02 1.298961880633250632e-01 1.112898177066671962e-01 5.036790879539945753e-02 1.344674291704475722e-02 -5.822536781445451087e-02 -2.675600628296183336e-02 -1.724695045675962990e-01 4.392744696627830930e-02 -1.916075935432225152e-02 -5.559763873807538337e-01 -9.446242459094523342e-04 5.646691810530828082e-02 -6.308875340972591728e-02 -6.805404830896983302e-03 1.255590592674946278e-02 1.448876927807744297e-01 1.298754182579511026e-03 2.314461863388182425e-02 -4.555463807672060356e-03 -1.847726649790267309e-02 1.030136480907468954e-01 7.629805567487714379e-02 0.000000000000000000e+00
-9.822488571569425175e-02 2.217624522502792059e-02 1.168777652712841945e-02 2.816342187225025911e-02 1.234351615739789478e-17 1.644793354669858154e-01 -1.203738893914144681e-01 -6.470160288304339924e-02 -3.689874613360528965e-02 -3.455324229525942592e-02 -1.777080731689511042e-02 -6.671056847175918514e-02 8.883683690319471582e-02 1.082595771926674472e-01 5.683152480797366846e-02 -1.415388909985545174e-01 2.166248098988815540e-02 1.048522935399027328e-02 3.537480601395133484e-02 -9.446242459094523342e-04 0.000000000000000000e+00 6.620886341692050828e-03 4.403287542250125530e-02 -4.496633017983111408e-02 8.582110969467052208e-02 -6.516269835415688938e-02 -4.852136339007810661e-02 1.487677305576185216e-01 -1.121852762688772126e-01 9.252317510216989671e-02 -2.383334231418040433e-02 1.882696554280479662e-01 -9.822488571569425175e-02 2.217624522502792059e-02 1.168777652712841945e-02 2.816342187225025911e-02 1.234351615739789478e-17 1.644793354669858154e-01 -1.203738893914144681e-01 -6.470160288304339924e-02 -3.689874613360528965e-02 -3.455324229525942592e-02 -1.777080731689511042e-02 -6.671056847175918514e-02 8.883683690319471582e-02 1.082595771926674472e-01 5.683152480797366846e-02 -1.415388909985545174e-01 2.166248098988815540e-02 1.048522935399027328e-02 3.537480601395133484e-02 -9.446242459094523342e-04 -3.274967793792102344e-01 6.620886341692050828e-03 4.403287542250125530e-02 -4.496633017983111408e-02 8.582110969467052208e-02 -6.516269835415688938e-02 -4.852136339007810661e-02 1.487677305576185216e-01 -1.121852762688772126e-01 9.252317510216989671e-02 -2.383334231418040433e-02 1.882696554280479662e-01 0.000000000000000000e+00
8.548170365297289020e-02 -7.096532839477508181e-02 -5.753573951468413279e-03 -1.875236319534275831e-01 -1.644793354669858432e-01 -3.074086685438134460e-17 3.140061285833792293e-02 -8.078982926665947972e-02 -8.098352712463564862e-02 -2.903374796386852530e-02 -1.349769315028409300e-01 1.601671026118665631e-01 -8.794246971889291276e-02 1.041289153093567510e-01 6.773750537948761141e-02 2.662913394708696924e-01 -2.332061580312509985e-01 -1.505311577326990946e-01 1.941977585696857689e-01 5.646691810530828082e-02 6.620886341692050828e-03 0.000000000000000000e+00 1.402247479150276876e-03 -1.473250381201974823e-01 2.186813644020196151e-02 1.574316949111079222e-01 3.757565178392783395e-02 2.167360023763228727e-01 6.301472257509756203e-02 1.831051184115741470e-01 -1.486611126453045717e-01 1.603185543261530840e-03 8.548170365297289020e-02 -7.096532839477508181e-02 -5.753573951468413279e-03 -1.875236319534275831e-01 -1.644793354669858432e-01 -3.074086685438134460e-17 3.140061285833792293e-02 -8.078982926665947972e-02 -8.098352712463564862e-02 -2.903374796386852530e-02 -1.349769315028409300e-01 1.601671026118665631e-01 -8.794246971889291276e-02 1.041289153093567510e-01 6.773750537948761141e-02 2.662913394708696924e-01 -2.332061580312509985e-01 -1.505311577326990946e-01 1.941977585696857689e-01 5.646691810530828082e-02 6.620886341692050828e-03 -9.236454197923866793e-01 1.402247479150276876e-03 -1.473250381201974823e-01 2.186813644020196151e-02 1.574316949111079222e-01 3.757565178392783395e-02 2.167360023763228727e-01 6.301472257509756203e-02 1.831051184115741470e-01 -1.486611126453045717e-01 1.603185543261530840e-03 0.000000000000000000e+00
1.005231815515170851e-02 4.588406592835410705e-03 -1.385569058761612106e-02 -6.044496159505365757e-02 1.203738893914144681e-01 -3.140061285833792293e-02 -1.698559677905174650e-18 2.213990356967979189e-02 -1.056088068590986806e-01 1.184696580052389675e-01 3.902412429212379075e-02 -7.952656465560999088e-02 3.507711487034321368e-02 1.122535843435097935e-01 -1.157899920594815529e-01 1.386865616086688235e-02 -1.447416935340465616e-01 -7.954887181913623817e-02 6.542933427721614459e-02 -6.308875340972591728e-02 4.403287542250125530e-02 1.402247479150276876e-03 0.000000000000000000e+00 -1.427518995069140539e-01 -2.747497215168308304e-02 1.066474016007924880e-01 -2.539463135382628509e-02 2.310555881968281641e-02 3.885570350689104141e-02 1.051904913739742757e-02 3.986713020509657229e-02 -2.052935993345115229e-01 1.005231815515170851e-02 4.588406592835410705e-03 -1.385569058761612106e-02 -6.044496159505365757e-02 1.203738893914144681e-01 -3.140061285833792293e-02 -1.698559677905174650e-18 2.213990356967979189e-02 -1.056088068590986806e-01 1.184696580052389675e-01 3.902412429212379075e-02 -7.952656465560999088e-02 3.507711487034321368e-02 1.122535843435097935e-01 -1.157899920594815529e-01 1.386865616086688235e-02 -1.447416935340465616e-01 -7.954887181913623817e-02 6.542933427721614459e-02 -6.308875340972591728e-02 4.403287542250125530e-02 1.402247479150276876e-03 -3.538453946360999858e-01 -1.427518995069140539e-01 -2.747497215168308304e-02 1.066474016007924880e-01 -2.539463135382628509e-02 2.310555881968281641e-02 3.885570350689104141e-02 1.051904913739742757e-02 3.986713020509657229e-02 -2.052935993345115229e-01 0.000000000000000000e+00
-1.536640449238428074e-01 2.761032561189804072e-02 9.863989319238598841e-02 -1.337918838853891512e-01 6.470160288304342699e-02 8.078982926665943809e-02 -2.213990356967981618e-02 1.396627615683378973e-17 -8.505983635124561570e-02 3.969398120595372080e-03 -6.126310448047843360e-02 -1.295647870044543126e-01 6.747298788718611440e-02 1.170815676443514031e-01 7.729879048068059345e-03 2.155107637939503162e-02 -1.719773734828114742e-01 4.120715086897740881e-02 7.784059165491509502e-02 -6.805404830896983302e-03 -4.496633017983111408e-02 -1.473250381201974823e-01 -1.427518995069140539e-01 0.000000000000000000e+00 -4.851808404431284805e-02 1.259392976293148558e-01 1.503715189594523605e-01 8.886002931745698441e-03 5.200870326015570588e-02 1.785057598195231854e-02 -1.248159664812457589e-02 -2.701461307396849434e-02 -1.536640449238428074e-01 2.761032561189804072e-02 9.863989319238598841e-02 -1.337918838853891512e-01 6.470160288304342699e-02 8.078982926665943809e-02 -2.213990356967981618e-02 1.396627615683378973e-17 -8.505983635124561570e-02 3.969398120595372080e-03 -6.126310448047843360e-02 -1.295647870044543126e-01 6.747298788718611440e-02 1.170815676443514031e-01 7.729879048068059345e-03 2.155107637939503162e-02 -1.719773734828114742e-01 4.120715086897740881e-02 7.784059165491509502e-02 -6.805404830896983302e-03 -4.496633017983111408e-02 -1.473250381201974823e-01 -1.427518995069140539e-01 -5.380601917260291467e-01 -4.851808404431284805e-02 1.259392976293148558e-01 1.503715189594523605e-01 8.886002931745698441e-03 5.200870326015570588e-02 1.785057598195231854e-02 -1.248159664812457589e-02 -2.701461307396849434e-02 0.000000000000000000e+00
