0.000000000000000000e+00 6.520395003677308121e-02 2.445995157053272306e-01 6.734725815795417070e-02 -1.752656213381342254e-01 1.053287686094988435e-01 2.759892095276332905e-02 1.519079079346408179e-01 1.158207687488937432e-01 8.767156269444444094e-02 -1.819461123336875985e-01 1.123911306181392955e-01 3.300943050876849194e-02 -6.662754513578203475e-02 -1.456462115877681096e-01 1.410423918773487661e-01 -4.847942635676301067e-17 -1.329068929504338518e-02 -2.818178283495284889e-02 6.750613931876205120e-02 4.322893189879260800e-02 -2.387101975392954753e-03 -1.950059258381753036e-01 -9.669619270699424118e-02 -1.911723885021693603e-01 7.802156548146343962e-02 1.355919801323535179e-01 -1.980905539580125885e-01 -1.019649257379096063e-01 9.435641050583802592e-03 1.884512461202182687e-01 4.168521135689378099e-01 -7.616006430567031638e-01 6.520395003677308121e-02 2.445995157053272306e-01 6.734725815795417070e-02 -1.752656213381342254e-01 1.053287686094988435e-01 2.759892095276332905e-02 1.519079079346408179e-01 1.158207687488937432e-01 8.767156269444444094e-02 -1.819461123336875985e-01 1.123911306181392955e-01 3.300943050876849194e-02 -6.662754513578203475e-02 -1.456462115877681096e-01 1.410423918773487661e-01 -4.847942635676301067e-17 -1.329068929504338518e-02 -2.818178283495284889e-02 6.750613931876205120e-02 4.322893189879260800e-02 -2.387101975392954753e-03 -1.950059258381753036e-01 -9.669619270699424118e-02 -1.911723885021693603e-01 7.802156548146343962e-02 1.355919801323535179e-01 -1.980905539580125885e-01 -1.019649257379096063e-01 9.435641050583802592e-03 1.884512461202182687e-01 4.168521135689378099e-01 0.000000000000000000e+00
6.520395003677308121e-02 0.000000000000000000e+00 -2.725176598903968073e-02 -1.015085149643765450e-01 9.128894063992469554e-02 1.099643114763078633e-01 1.702437358021987495e-03 -5.846158543824674786e-02 7.365503283203221618e-02 -4.289612511199947936e-02 7.810663144454597917e-02 -4.934168136249592745e-02 8.361729572087532592e-02 -8.319956073479101155e-02 -4.320596481706277803e-02 3.928137857449515852e-02 1.329068929504338172e-02 2.589907833533233961e-17 -1.185478860934989775e-01 3.333361164554445727e-02 -7.133167136543260012e-02 -9.133475062220111629e-02 -7.000269910699487286e-02 -7.617495550483732725e-02 1.450474646668441225e-01 9.281433046939473186e-02 -8.370983141488416712e-02 1.400341547369134965e-01 2.948559185706328689e-02 1.683320728952829651e-02 -1.175537715570075387e-01 -1.817554560165642388e-02 6.520395003677308121e-02 -5.349347322085290513e-01 -2.725176598903968073e-02 -1.015085149643765450e-01 9.128894063992469554e-02 1.099643114763078633e-01 1.702437358021987495e-03 -5.846158543824674786e-02 7.365503283203221618e-02 -4.289612511199947936e-02 7.810663144454597917e-02 -4.934168136249592745e-02 8.361729572087532592e-02 -8.319956073479101155e-02 -4.320596481706277803e-02 3.928137857449515852e-02 1.329068929504338172e-02 2.589907833533233961e-17 -1.185478860934989775e-01 3.333361164554445727e-02 -7.133167136543260012e-02 -9.133475062220111629e-02 -7.000269910699487286e-02 -7.617495550483732725e-02 1.450474646668441225e-01 9.281433046939473186e-02 -8.370983141488416712e-02 1.400341547369134965e-01 2.948559185706328689e-02 1.683320728952829651e-02 -1.175537715570075387e-01 -1.817554560165642388e-02 0.000000000000000000e+00
2.445995157053272306e-01 -2.725176598903968073e-02 0.000000000000000000e+00 6.701587022423925732e-02 -2.823865235551486497e-01 -1.485095964876620989e-01 8.533270975798969149e-02 -1.842331149750955077e-01 5.285023919951452494e-03 3.381383163935188646e-02 1.294220339818979160e-01 -6.722551015214121850e-02 -1.408431254927315635e-01 3.352500729810139468e-01 1.137375757047192071e-01 -4.973353522255208325e-02 2.818178283495285583e-02 1.185478860934990053e-01 -1.119347509692593933e-18 3.690150176721870845e-02 -1.961152906844146893e-01 -6.430339447984455281e-02 2.195155911180240171e-01 1.737361817901809935e-01 2.693818381677573828e-02 -3.347325405354777822e-02 -2.140795611352815098e-01 -5.363471352348458954e-02 5.685773749064618882e-02 -7.004138847418812930e-02 -2.754344990769278315e-02 -1.659714042765776665e-01 2.445995157053272306e-01 -2.725176598903968073e-02 -6.942870389450189750e-01 6.701587022423925732e-02 -2.823865235551486497e-01 -1.485095964876620989e-01 8.533270975798969149e-02 -1.842331149750955077e-01 5.285023919951452494e-03 3.381383163935188646e-02 1.294220339818979160e-01 -6.722551015214121850e-02 -1.408431254927315635e-01 3.352500729810139468e-01 1.137375757047192071e-01 -4.973353522255208325e-02 2.818178283495285583e-02 1.185478860934990053e-01 -1.119347509692593933e-18 3.690150176721870845e-02 -1.961152906844146893e-01 -6.430339447984455281e-02 2.195155911180240171e-01 1.737361817901809935e-01 2.693818381677573828e-02 -3.347325405354777822e-02 -2.140795611352815098e-01 -5.363471352348458954e-02 5.685773749064618882e-02 -7.004138847418812930e-02 -2.754344990769278315e-02 -1.659714042765776665e-01 0.000000000000000000e+00
6.734725815795417070e-02 -1.015085149643765450e-01 6.701587022423925732e-02 0.000000000000000000e+00 7.588568764299806479e-02 -1.039305341955333540e-03 2.029340685604998779e-02 -1.059172293741534598e-01 1.791244714638484947e-01 1.060384818023969999e-01 -4.433865913020139903e-03 6.171934813201644492e-03 -5.019430102155472001e-02 -7.226867150261788442e-02 1.670761662151303700e-02 -3.663140638194352372e-02 -6.750613931876206508e-02 -3.333361164554443645e-02 -3.690150176721872233e-02 1.359853662877141122e-17 4.620462206602952981e-02 -4.264880156941495970e-02 2.626647085352584038e-02 -9.927420948919324362e-02 -7.097363009993444549e-02 8.655908330596981393e-02 -2.451773113673032245e-02 1.757228364196820325e-01 -1.206028859544801546e-01 8.163279628692826639e-02 4.300150960908373510e-02 1.427130196884756896e-01 6.734725815795417070e-02 -1.015085149643765450e-01 6.701587022423925732e-02 -5.553873513906012471e-01 7.588568764299806479e-02 -1.039305341955333540e-03 2.029340685604998779e-02 -1.059172293741534598e-01 1.791244714638484947e-01 1.060384818023969999e-01 -4.433865913020139903e-03 6.171934813201644492e-03 -5.019430102155472001e-02 -7.226867150261788442e-02 1.670761662151303700e-02 -3.663140638194352372e-02 -6.750613931876206508e-02 -3.333361164554443645e-02 -3.690150176721872233e-02 1.359853662877141122e-17 4.620462206602952981e-02 -4.264880156941495970e-02 2.626647085352584038e-02 -9.927420948919324362e-02 -7.097363009993444549e-02 8.655908330596981393e-02 -2.451773113673032245e-02 1.757228364196820325e-01 -1.206028859544801546e-01 8.163279628692826639e-02 4.300150960908373510e-02 1.427130196884756896e-01 0.000000000000000000e+00
-1.752656213381342254e-01 9.128894063992469554e-02 -2.823865235551486497e-01 7.588568764299806479e-02 0.000000000000000000e+00 -5.671784490791948602e-02 2.628215086032482106e-01 7.778927216439932013e-02 2.120576419467627149e-01 -8.420081755781952393e-02 -7.352964194262870401e-02 -2.279716232077760862e-01 -1.654733646155691906e-01 2.864315631608266854e-01 6.183492927842335583e-03 -1.417813243908393472e-01 -4.322893189879260800e-02 7.133167136543257236e-02 1.961152906844146893e-01 -4.620462206602955757e-02 -1.249440207739287941e-17 1.109741327880989642e-01 3.865834016878121893e-01 -2.154442027696860662e-01 -2.237574569405327840e-01 1.144840858678169426e-01 7.650776742734641256e-02 -1.260743864276082371e-01 -6.443955015032160061e-02 -1.539657319442298833e-01 1.759964847186896442e-01 -1.824077017086744509e-02 -1.752656213381342254e-01 9.128894063992469554e-02 -2.823865235551486497e-01 7.588568764299806479e-02 -1.000000000000000000e+00 -5.671784490791948602e-02 2.628215086032482106e-01 7.778927216439932013e-02 2.120576419467627149e-01 -8.420081755781952393e-02 -7.352964194262870401e-02 -2.279716232077760862e-01 -1.654733646155691906e-01 2.864315631608266854e-01 6.183492927842335583e-03 -1.417813243908393472e-01 -4.322893189879260800e-02 7.133167136543257236e-02 1.961152906844146893e-01 -4.620462206602955757e-02 -1.249440207739287941e-17 1.109741327880989642e-01 3.865834016878121893e-01 -2.154442027696860662e-01 -2.237574569405327840e-01 1.144840858678169426e-01 7.650776742734641256e-02 -1.260743864276082371e-01 -6.443955015032160061e-02 -1.539657319442298833e-01 1.759964847186896442e-01 -1.824077017086744509e-02 0.000000000000000000e+00
1.053287686094988435e-01 1.099643114763078633e-01 -1.485095964876620989e-01 -1.039305341955333540e-03 -5.671784490791948602e-02 0.000000000000000000e+00 7.478835866427188672e-02 -7.631172144031189708e-02 -3.148281506719050604e-01 -6.441309608798022335e-02 1.112710417920910605e-01 5.121409193252909192e-02 -1.084228035849204713e-01 3.290623129283713061e-02 -5.806851906772609456e-02 5.159794419096837281e-02 2.387101975392934370e-03 9.133475062220117180e-02 6.430339447984459444e-02 4.264880156941494582e-02 -1.109741327880989503e-01 1.344088661119744061e-17 1.033182985719816593e-01 1.389689486179364053e-01 -2.390795894746493289e-02 -1.846411452005785464e-02 -1.445530426764629894e-01 3.072610668521325028e-02 3.768470611505600476e-02 -1.184438467531211125e-01 1.657648080827076320e-01 -1.887854679415512382e-01 1.053287686094988435e-01 1.099643114763078633e-01 -1.485095964876620989e-01 -1.039305341955333540e-03 -5.671784490791948602e-02 -6.123846140630418988e-01 7.478835866427188672e-02 -7.631172144031189708e-02 -3.148281506719050604e-01 -6.441309608798022335e-02 1.112710417920910605e-01 5.121409193252909192e-02 -1.084228035849204713e-01 3.290623129283713061e-02 -5.806851906772609456e-02 5.159794419096837281e-02 2.387101975392934370e-03 9.133475062220117180e-02 6.430339447984459444e-02 4.264880156941494582e-02 -1.109741327880989503e-01 1.344088661119744061e-17 1.033182985719816593e-01 1.389689486179364053e-01 -2.390795894746493289e-02 -1.846411452005785464e-02 -1.445530426764629894e-01 3.072610668521325028e-02 3.768470611505600476e-02 -1.184438467531211125e-01 1.657648080827076320e-01 -1.887854679415512382e-01 0.000000000000000000e+00
2.759892095276332905e-02 1.702437358021987495e-03 8.533270975798969149e-02 2.029340685604998779e-02 2.628215086032482106e-01 7.478835866427188672e-02 0.000000000000000000e+00 1.381678483076679287e-01 8.937487879922903500e-02 -8.179015888620275176e-02 -1.171615181700701308e-01 1.091288615502582632e-01 6.053707460191685985e-02 1.247163758841748904e-01 -1.161003435611172169e-01 1.796670688546014583e-01 1.950059258381752758e-01 7.000269910699487286e-02 -2.195155911180239894e-01 -2.626647085352580221e-02 -3.865834016878123003e-01 -1.033182985719816316e-01 7.698804101875077124e-18 -2.409719379499620021e-02 4.883314575101342647e-02 -5.372473227744628543e-02 1.104025414872429750e-01 -1.242469293596955432e-01 -2.899758917809959202e-01 2.292789088869958136e-01 -2.443023390822089344e-02 -1.007130038099891406e-01 2.759892095276332905e-02 1.702437358021987495e-03 8.533270975798969149e-02 2.029340685604998779e-02 2.628215086032482106e-01 7.478835866427188672e-02 -7.194138272462576866e-01 1.381678483076679287e-01 8.937487879922903500e-02 -8.179015888620275176e-02 -1.171615181700701308e-01 1.091288615502582632e-01 6.053707460191685985e-02 1.247163758841748904e-01 -1.161003435611172169e-01 1.796670688546014583e-01 1.950059258381752758e-01 7.000269910699487286e-02 -2.195155911180239894e-01 -2.626647085352580221e-02 -3.865834016878123003e-01 -1.033182985719816316e-01 7.698804101875077124e-18 -2.409719379499620021e-02 4.883314575101342647e-02 -5.372473227744628543e-02 1.104025414872429750e-01 -1.242469293596955432e-01 -2.899758917809959202e-01 2.292789088869958136e-01 -2.443023390822089344e-02 -1.007130038099891406e-01 0.000000000000000000e+00
1.519079079346408179e-01 -5.846158543824674786e-02 -1.842331149750955077e-01 -1.059172293741534598e-01 7.778927216439932013e-02 -7.631172144031189708e-02 1.381678483076679287e-01 0.000000000000000000e+00 -1.493538945250811323e-01 -2.462364077648374755e-02 2.146172924725280873e-01 5.835199414052051614e-02 -9.450570684781887942e-02 6.004046777355395714e-02 1.200935455945155023e-01 3.688638974793152780e-02 9.669619270699421343e-02 7.617495550483734112e-02 -1.737361817901810490e-01 9.927420948919322974e-02 2.154442027696860662e-01 -1.389689486179364331e-01 2.409719379499618633e-02 -6.640201092458890569e-18 -2.192291490920115354e-02 -1.713757424125191345e-02 -7.378956485963242273e-02 7.080619519282920068e-04 1.172818793543651747e-02 9.512430660159469642e-02 1.958603312143262706e-02 -4.293595609029282612e-02 1.519079079346408179e-01 -5.846158543824674786e-02 -1.842331149750955077e-01 -1.059172293741534598e-01 7.778927216439932013e-02 -7.631172144031189708e-02 1.381678483076679287e-01 -6.183420640233807664e-01 -1.493538945250811323e-01 -2.462364077648374755e-02 2.146172924725280873e-01 5.835199414052051614e-02 -9.450570684781887942e-02 6.004046777355395714e-02 1.200935455945155023e-01 3.688638974793152780e-02 9.669619270699421343e-02 7.617495550483734112e-02 -1.737361817901810490e-01 9.927420948919322974e-02 2.154442027696860662e-01 -1.389689486179364331e-01 2.409719379499618633e-02 -6.640201092458890569e-18 -2.192291490920115354e-02 -1.713757424125191345e-02 -7.378956485963242273e-02 7.080619519282920068e-04 1.172818793543651747e-02 9.512430660159469642e-02 1.958603312143262706e-02 -4.293595609029282612e-02 0.000000000000000000e+00
1.158207687488937432e-01 7.365503283203221618e-02 5.285023919951452494e-03 1.791244714638484947e-01 2.120576419467627149e-01 -3.148281506719050604e-01 8.937487879922903500e-02 -1.493538945250811323e-01 0.000000000000000000e+00 1.990511589584104402e-01 2.504200635700987720e-01 2.300074491733904158e-02 8.977276504979921079e-02 3.426250992416977892e-02 3.593761093407885771e-02 1.808733374118089710e-01 1.911723885021693048e-01 -1.450474646668440948e-01 -2.693818381677573134e-02 7.097363009993447325e-02 2.237574569405327007e-01 2.390795894746495370e-02 -4.883314575101342647e-02 2.192291490920118130e-02 -1.279450199659796471e-17 -8.442029333127415436e-02 1.124934994009159778e-01 9.966985964588934155e-03 2.572170046928598866e-02 -4.015483894979083451e-02 -2.387560637557705617e-02 -3.459418553425079867e-01 1.158207687488937432e-01 7.365503283203221618e-02 5.285023919951452494e-03 1.791244714638484947e-01 2.120576419467627149e-01 -3.148281506719050604e-01 8.937487879922903500e-02 -1.493538945250811323e-01 -9.220971347317032940e-01 1.990511589584104402e-01 2.504200635700987720e-01 2.300074491733904158e-02 8.977276504979921079e-02 3.426250992416977892e-02 3.593761093407885771e-02 1.808733374118089710e-01 1.911723885021693048e-01 -1.450474646668440948e-01 -2.693818381677573134e-02 7.097363009993447325e-02 2.237574569405327007e-01 2.390795894746495370e-02 -4.883314575101342647e-02 2.192291490920118130e-02 -1.279450199659796471e-17 -8.442029333127415436e-02 1.124934994009159778e-01 9.966985964588934155e-03 2.572170046928598866e-02 -4.015483894979083451e-02 -2.387560637557705617e-02 -3.459418553425079867e-01 0.000000000000000000e+00
8.767156269444444094e-02 -4.289612511199947936e-02 3.381383163935188646e-02 1.060384818023969999e-01 -8.420081755781952393e-02 -6.441309608798022335e-02 -8.179015888620275176e-02 -2.462364077648374755e-02 1.990511589584104402e-01 0.000000000000000000e+00 -2.865013217888876321e-02 -1.120144646112915428e-02 1.462337626123184301e-03 -7.763674872568383139e-04 -6.759637968516035711e-02 -2.833923103881427416e-02 -7.802156548146345350e-02 -9.281433046939475962e-02 3.347325405354777128e-02 -8.655908330596981393e-02 -1.144840858678169565e-01 1.846411452005785464e-02 5.372473227744623686e-02 1.713757424125195508e-02 8.442029333127415436e-02 4.608248698882272820e-18 -2.661493641229674759e-02 -8.432934421163303107e-02 5.029637183059170596e-02 -3.706145263087651243e-02 1.553441034858806143e-02 -3.636066208034866715e-02 8.767156269444444094e-02 -4.289612511199947936e-02 3.381383163935188646e-02 1.060384818023969999e-01 -8.420081755781952393e-02 -6.441309608798022335e-02 -8.179015888620275176e-02 -2.462364077648374755e-02 1.990511589584104402e-01 -4.846842261276342878e-01 -2.865013217888876321e-02 -1.120144646112915428e-02 1.462337626123184301e-03 -7.763674872568383139e-04 -6.759637968516035711e-02 -2.833923103881427416e-02 -7.802156548146345350e-02 -9.281433046939475962e-02 3.347325405354777128e-02 -8.655908330596981393e-02 -1.144840858678169565e-01 1.846411452005785464e-02 5.372473227744623686e-02 1.713757424125195508e-02 8.442029333127415436e-02 4.608248698882272820e-18 -2.661493641229674759e-02 -8.432934421163303107e-02 5.029637183059170596e-02 -3.706145263087651243e-02 1.553441034858806143e-02 -3.636066208034866715e-02 0.000000000000000000e+00
-1.819461123336875985e-01 7.810663144454597917e-02 1.294220339818979160e-01 -4.433865913020139903e-03 -7.352964194262870401e-02 1.112710417920910605e-01 -1.171615181700701308e-01 2.146172924725280873e-01 2.504200635700987720e-01 -2.865013217888876321e-02 0.000000000000000000e+00 1.718548896607557386e-01 1.241276604264992117e-01 -1.454945690429382821e-01 -4.719610118031730694e-02 3.310573775226515608e-02 -1.355919801323535456e-01 8.370983141488415324e-02 2.140795611352815375e-01 2.451773113673032592e-02 -7.650776742734642644e-02 1.445530426764630449e-01 -1.104025414872429750e-01 7.378956485963243661e-02 -1.124934994009160055e-01 2.661493641229674759e-02 -6.018127735266900453e-18 1.467700232280565696e-02 7.263112439195812398e-02 5.143702126080729187e-02 -3.322454078997567894e-02 1.139497842475572925e-01 -1.819461123336875985e-01 7.810663144454597917e-02 1.294220339818979160e-01 -4.433865913020139903e-03 -7.352964194262870401e-02 1.112710417920910605e-01 -1.171615181700701308e-01 2.146172924725280873e-01 2.504200635700987720e-01 -2.865013217888876321e-02 -4.798902687329995032e-01 1.718548896607557386e-01 1.241276604264992117e-01 -1.454945690429382821e-01 -4.719610118031730694e-02 3.310573775226515608e-02 -1.355919801323535456e-01 8.370983141488415324e-02 2.140795611352815375e-01 2.451773113673032592e-02 -7.650776742734642644e-02 1.445530426764630449e-01 -1.104025414872429750e-01 7.378956485963243661e-02 -1.124934994009160055e-01 2.661493641229674759e-02 -6.018127735266900453e-18 1.467700232280565696e-02 7.263112439195812398e-02 5.143702126080729187e-02 -3.322454078997567894e-02 1.139497842475572925e-01 0.000000000000000000e+00
1.123911306181392955e-01 -4.934168136249592745e-02 -6.722551015214121850e-02 6.171934813201644492e-03 -2.279716232077760862e-01 5.121409193252909192e-02 1.091288615502582632e-01 5.835199414052051614e-02 2.300074491733904158e-02 -1.120144646112915428e-02 1.718548896607557386e-01 0.000000000000000000e+00 1.624007541896385284e-02 1.569981753605526886e-01 1.097056605784236111e-01 3.067404121120866078e-02 1.980905539580125607e-01 -1.400341547369134687e-01 5.363471352348457566e-02 -1.757228364196820880e-01 1.260743864276082371e-01 -3.072610668521322946e-02 1.242469293596955016e-01 -7.080619519282761775e-04 -9.966985964588939359e-03 8.432934421163296168e-02 -1.467700232280563441e-02 -7.489278327037320375e-18 1.137977542148691651e-01 -9.610673009171737113e-02 -5.665033969080980614e-02 -6.845831311477187930e-02 1.123911306181392955e-01 -4.934168136249592745e-02 -6.722551015214121850e-02 6.171934813201644492e-03 -2.279716232077760862e-01 5.121409193252909192e-02 1.091288615502582632e-01 5.835199414052051614e-02 2.300074491733904158e-02 -1.120144646112915428e-02 1.718548896607557386e-01 -6.453333370227143373e-01 1.624007541896385284e-02 1.569981753605526886e-01 1.097056605784236111e-01 3.067404121120866078e-02 1.980905539580125607e-01 -1.400341547369134687e-01 5.363471352348457566e-02 -1.757228364196820880e-01 1.260743864276082371e-01 -3.072610668521322946e-02 1.242469293596955016e-01 -7.080619519282761775e-04 -9.966985964588939359e-03 8.432934421163296168e-02 -1.467700232280563441e-02 -7.489278327037320375e-18 1.137977542148691651e-01 -9.610673009171737113e-02 -5.665033969080980614e-02 -6.845831311477187930e-02 0.000000000000000000e+00
3.300943050876849194e-02 8.361729572087532592e-02 -1.408431254927315635e-01 -5.019430102155472001e-02 -1.654733646155691906e-01 -1.084228035849204713e-01 6.053707460191685985e-02 -9.450570684781887942e-02 8.977276504979921079e-02 1.462337626123184301e-03 1.241276604264992117e-01 1.624007541896385284e-02 0.000000000000000000e+00 1.085182094204354269e-01 1.287489509349903916e-01 2.721515016698571651e-03 1.019649257379096202e-01 -2.948559185706329036e-02 -5.685773749064618882e-02 1.206028859544802101e-01 6.443955015032160061e-02 -3.768470611505599088e-02 2.899758917809958647e-01 -1.172818793543647931e-02 -2.572170046928597825e-02 -5.029637183059167821e-02 -7.263112439195811010e-02 -1.137977542148691512e-01 1.568703148154314989e-17 -1.697567607050176341e-01 9.918656415340863786e-02 2.655838256860389504e-02 3.300943050876849194e-02 8.361729572087532592e-02 -1.408431254927315635e-01 -5.019430102155472001e-02 -1.654733646155691906e-01 -1.084228035849204713e-01 6.053707460191685985e-02 -9.450570684781887942e-02 8.977276504979921079e-02 1.462337626123184301e-03 1.241276604264992117e-01 1.624007541896385284e-02 -6.965095393797514634e-01 1.085182094204354269e-01 1.287489509349903916e-01 2.721515016698571651e-03 1.019649257379096202e-01 -2.948559185706329036e-02 -5.685773749064618882e-02 1.206028859544802101e-01 6.443955015032160061e-02 -3.768470611505599088e-02 2.899758917809958647e-01 -1.172818793543647931e-02 -2.572170046928597825e-02 -5.029637183059167821e-02 -7.263112439195811010e-02 -1.137977542148691512e-01 1.568703148154314989e-17 -1.697567607050176341e-01 9.918656415340863786e-02 2.655838256860389504e-02 0.000000000000000000e+00
-6.662754513578203475e-02 -8.319956073479101155e-02 3.352500729810139468e-01 -7.226867150261788442e-02 2.864315631608266854e-01 3.290623129283713061e-02 1.247163758841748904e-01 6.004046777355395714e-02 3.426250992416977892e-02 -7.763674872568383139e-04 -1.454945690429382821e-01 1.569981753605526886e-01 1.085182094204354269e-01 0.000000000000000000e+00 7.583250733043456204e-02 6.722560863389799579e-02 -9.435641050583813000e-03 -1.683320728952824100e-02 7.004138847418811542e-02 -8.163279628692826639e-02 1.539657319442299388e-01 1.184438467531211125e-01 -2.292789088869958414e-01 -9.512430660159468254e-02 4.015483894979089002e-02 3.706145263087651243e-02 -5.143702126080729881e-02 9.610673009171738501e-02 1.697567607050176341e-01 -9.222827765794794797e-18 8.191286580156860800e-03 1.368197474959519377e-01 -6.662754513578203475e-02 -8.319956073479101155e-02 3.352500729810139468e-01 -7.226867150261788442e-02 2.864315631608266854e-01 3.290623129283713061e-02 1.247163758841748904e-01 6.004046777355395714e-02 3.426250992416977892e-02 -7.763674872568383139e-04 -1.454945690429382821e-01 1.569981753605526886e-01 1.085182094204354269e-01 -7.003336129539341481e-01 7.583250733043456204e-02 6.722560863389799579e-02 -9.435641050583813000e-03 -1.683320728952824100e-02 7.004138847418811542e-02 -8.163279628692826639e-02 1.539657319442299388e-01 1.184438467531211125e-01 -2.292789088869958414e-01 -9.512430660159468254e-02 4.015483894979089002e-02 3.706145263087651243e-02 -5.143702126080729881e-02 9.610673009171738501e-02 1.697567607050176341e-01 -9.222827765794794797e-18 8.191286580156860800e-03 1.368197474959519377e-01 0.000000000000000000e+00
-1.456462115877681096e-01 -4.320596481706277803e-02 1.137375757047192071e-01 1.670761662151303700e-02 6.183492927842335583e-03 -5.806851906772609456e-02 -1.161003435611172169e-01 1.200935455945155023e-01 3.593761093407885771e-02 -6.759637968516035711e-02 -4.719610118031730694e-02 1.097056605784236111e-01 1.287489509349903916e-01 7.583250733043456204e-02 0.000000000000000000e+00 -7.087235617370395147e-02 -1.884512461202182687e-01 1.175537715570075387e-01 2.754344990769277274e-02 -4.300150960908376285e-02 -1.759964847186896442e-01 -1.657648080827076598e-01 2.443023390822087609e-02 -1.958603312143261319e-02 2.387560637557707352e-02 -1.553441034858807183e-02 3.322454078997566507e-02 5.665033969080978532e-02 -9.918656415340862398e-02 -8.191286580156859065e-03 1.331171075241785979e-18 9.771385844405833937e-03 -1.456462115877681096e-01 -4.320596481706277803e-02 1.137375757047192071e-01 1.670761662151303700e-02 6.183492927842335583e-03 -5.806851906772609456e-02 -1.161003435611172169e-01 1.200935455945155023e-01 3.593761093407885771e-02 -6.759637968516035711e-02 -4.719610118031730694e-02 1.097056605784236111e-01 1.287489509349903916e-01 7.583250733043456204e-02 -3.855521746662010085e-01 -7.087235617370395147e-02 -1.884512461202182687e-01 1.175537715570075387e-01 2.754344990769277274e-02 -4.300150960908376285e-02 -1.759964847186896442e-01 -1.657648080827076598e-01 2.443023390822087609e-02 -1.958603312143261319e-02 2.387560637557707352e-02 -1.553441034858807183e-02 3.322454078997566507e-02 5.665033969080978532e-02 -9.918656415340862398e-02 -8.191286580156859065e-03 1.331171075241785979e-18 9.771385844405833937e-03 0.000000000000000000e+00
1.410423918773487661e-01 3.928137857449515852e-02 -4.973353522255208325e-02 -3.663140638194352372e-02 -1.417813243908393472e-01 5.159794419096837281e-02 1.796670688546014583e-01 3.688638974793152780e-02 1.808733374118089710e-01 -2.833923103881427416e-02 3.310573775226515608e-02 3.067404121120866078e-02 2.721515016698571651e-03 6.722560863389799579e-02 -7.087235617370395147e-02 0.000000000000000000e+00 -4.168521135689378099e-01 1.817554560165642735e-02 1.659714042765776387e-01 -1.427130196884756896e-01 1.824077017086742428e-02 1.887854679415512382e-01 1.007130038099891267e-01 4.293595609029281918e-02 3.459418553425079867e-01 3.636066208034866021e-02 -1.139497842475572786e-01 6.845831311477189318e-02 -2.655838256860392627e-02 -1.368197474959518822e-01 -9.771385844405851284e-03 2.212617560366079477e-17 1.410423918773487661e-01 3.928137857449515852e-02 -4.973353522255208325e-02 -3.663140638194352372e-02 -1.417813243908393472e-01 5.159794419096837281e-02 1.796670688546014583e-01 3.688638974793152780e-02 1.808733374118089710e-01 -2.833923103881427416e-02 3.310573775226515608e-02 3.067404121120866078e-02 2.721515016698571651e-03 6.722560863389799579e-02 -7.087235617370395147e-02 -5.863404537021358331e-01 -4.168521135689378099e-01 1.817554560165642735e-02 1.659714042765776387e-01 -1.427130196884756896e-01 1.824077017086742428e-02 1.887854679415512382e-01 1.007130038099891267e-01 4.293595609029281918e-02 3.459418553425079867e-01 3.636066208034866021e-02 -1.139497842475572786e-01 6.845831311477189318e-02 -2.655838256860392627e-02 -1.368197474959518822e-01 -9.771385844405851284e-03 2.212617560366079477e-17 0.000000000000000000e+00
-4.847942635676301067e-17 1.329068929504338172e-02 2.818178283495285583e-02 -6.750613931876206508e-02 -4.322893189879260800e-02 2.387101975392934370e-03 1.950059258381752758e-01 9.669619270699421343e-02 1.911723885021693048e-01 -7.802156548146345350e-02 -1.355919801323535456e-01 1.980905539580125607e-01 1.019649257379096202e-01 -9.435641050583813000e-03 -1.884512461202182687e-01 -4.168521135689378099e-01 0.000000000000000000e+00 6.520395003677310897e-02 2.445995157053272306e-01 6.734725815795417070e-02 -1.752656213381341976e-01 1.053287686094988157e-01 2.759892095276335333e-02 1.519079079346408456e-01 1.158207687488937015e-01 8.767156269444444094e-02 -1.819461123336876818e-01 1.123911306181393233e-01 3.300943050876852664e-02 -6.662754513578200699e-02 -1.456462115877681096e-01 1.410423918773488217e-01 -4.847942635676301067e-17 1.329068929504338172e-02 2.818178283495285583e-02 -6.750613931876206508e-02 -4.322893189879260800e-02 2.387101975392934370e-03 1.950059258381752758e-01 9.669619270699421343e-02 1.911723885021693048e-01 -7.802156548146345350e-02 -1.355919801323535456e-01 1.980905539580125607e-01 1.019649257379096202e-01 -9.435641050583813000e-03 -1.884512461202182687e-01 -4.168521135689378099e-01 -7.616006430567033858e-01 6.520395003677310897e-02 2.445995157053272306e-01 6.734725815795417070e-02 -1.752656213381341976e-01 1.053287686094988157e-01 2.759892095276335333e-02 1.519079079346408456e-01 1.158207687488937015e-01 8.767156269444444094e-02 -1.819461123336876818e-01 1.123911306181393233e-01 3.300943050876852664e-02 -6.662754513578200699e-02 -1.456462115877681096e-01 1.410423918773488217e-01 0.000000000000000000e+00
-1.329068929504338518e-02 2.589907833533233961e-17 1.185478860934990053e-01 -3.333361164554443645e-02 7.133167136543257236e-02 9.133475062220117180e-02 7.000269910699487286e-02 7.617495550483734112e-02 -1.450474646668440948e-01 -9.281433046939475962e-02 8.370983141488415324e-02 -1.400341547369134687e-01 -2.948559185706329036e-02 -1.683320728952824100e-02 1.175537715570075387e-01 1.817554560165642735e-02 6.520395003677310897e-02 0.000000000000000000e+00 -2.725176598903969113e-02 -1.015085149643765311e-01 9.128894063992469554e-02 1.099643114763078772e-01 1.702437358021931767e-03 -5.846158543824678255e-02 7.365503283203220231e-02 -4.289612511199947936e-02 7.810663144454599305e-02 -4.934168136249592745e-02 8.361729572087531204e-02 -8.319956073479101155e-02 -4.320596481706279884e-02 3.928137857449515158e-02 -1.329068929504338518e-02 2.589907833533233961e-17 1.185478860934990053e-01 -3.333361164554443645e-02 7.133167136543257236e-02 9.133475062220117180e-02 7.000269910699487286e-02 7.617495550483734112e-02 -1.450474646668440948e-01 -9.281433046939475962e-02 8.370983141488415324e-02 -1.400341547369134687e-01 -2.948559185706329036e-02 -1.683320728952824100e-02 1.175537715570075387e-01 1.817554560165642735e-02 6.520395003677310897e-02 -5.349347322085289402e-01 -2.725176598903969113e-02 -1.015085149643765311e-01 9.128894063992469554e-02 1.099643114763078772e-01 1.702437358021931767e-03 -5.846158543824678255e-02 7.365503283203220231e-02 -4.289612511199947936e-02 7.810663144454599305e-02 -4.934168136249592745e-02 8.361729572087531204e-02 -8.319956073479101155e-02 -4.320596481706279884e-02 3.928137857449515158e-02 0.000000000000000000e+00
-2.818178283495284889e-02 -1.185478860934989775e-01 -1.119347509692593933e-18 -3.690150176721872233e-02 1.961152906844146893e-01 6.430339447984459444e-02 -2.195155911180239894e-01 -1.737361817901810490e-01 -2.693818381677573134e-02 3.347325405354777128e-02 2.140795611352815375e-01 5.363471352348457566e-02 -5.685773749064618882e-02 7.004138847418811542e-02 2.754344990769277274e-02 1.659714042765776387e-01 2.445995157053272306e-01 -2.725176598903969113e-02 0.000000000000000000e+00 6.701587022423927120e-02 -2.823865235551487052e-01 -1.485095964876620989e-01 8.533270975798969149e-02 -1.842331149750955077e-01 5.285023919951454228e-03 3.381383163935190728e-02 1.294220339818978605e-01 -6.722551015214120462e-02 -1.408431254927315079e-01 3.352500729810138913e-01 1.137375757047192071e-01 -4.973353522255208325e-02 -2.818178283495284889e-02 -1.185478860934989775e-01 -1.119347509692593933e-18 -3.690150176721872233e-02 1.961152906844146893e-01 6.430339447984459444e-02 -2.195155911180239894e-01 -1.737361817901810490e-01 -2.693818381677573134e-02 3.347325405354777128e-02 2.140795611352815375e-01 5.363471352348457566e-02 -5.685773749064618882e-02 7.004138847418811542e-02 2.754344990769277274e-02 1.659714042765776387e-01 2.445995157053272306e-01 -2.725176598903969113e-02 -6.942870389450190860e-01 6.701587022423927120e-02 -2.823865235551487052e-01 -1.485095964876620989e-01 8.533270975798969149e-02 -1.842331149750955077e-01 5.285023919951454228e-03 3.381383163935190728e-02 1.294220339818978605e-01 -6.722551015214120462e-02 -1.408431254927315079e-01 3.352500729810138913e-01 1.137375757047192071e-01 -4.973353522255208325e-02 0.000000000000000000e+00
6.750613931876205120e-02 3.333361164554445727e-02 3.690150176721870845e-02 1.359853662877141122e-17 -4.620462206602955757e-02 4.264880156941494582e-02 -2.626647085352580221e-02 9.927420948919322974e-02 7.097363009993447325e-02 -8.655908330596981393e-02 2.451773113673032592e-02 -1.757228364196820880e-01 1.206028859544802101e-01 -8.163279628692826639e-02 -4.300150960908376285e-02 -1.427130196884756896e-01 6.734725815795417070e-02 -1.015085149643765311e-01 6.701587022423927120e-02 0.000000000000000000e+00 7.588568764299805092e-02 -1.039305341955310772e-03 2.029340685604997044e-02 -1.059172293741534460e-01 1.791244714638484392e-01 1.060384818023970138e-01 -4.433865913020146841e-03 6.171934813201655767e-03 -5.019430102155474777e-02 -7.226867150261788442e-02 1.670761662151302313e-02 -3.663140638194355148e-02 6.750613931876205120e-02 3.333361164554445727e-02 3.690150176721870845e-02 1.359853662877141122e-17 -4.620462206602955757e-02 4.264880156941494582e-02 -2.626647085352580221e-02 9.927420948919322974e-02 7.097363009993447325e-02 -8.655908330596981393e-02 2.451773113673032592e-02 -1.757228364196820880e-01 1.206028859544802101e-01 -8.163279628692826639e-02 -4.300150960908376285e-02 -1.427130196884756896e-01 6.734725815795417070e-02 -1.015085149643765311e-01 6.701587022423927120e-02 -5.553873513906010251e-01 7.588568764299805092e-02 -1.039305341955310772e-03 2.029340685604997044e-02 -1.059172293741534460e-01 1.791244714638484392e-01 1.060384818023970138e-01 -4.433865913020146841e-03 6.171934813201655767e-03 -5.019430102155474777e-02 -7.226867150261788442e-02 1.670761662151302313e-02 -3.663140638194355148e-02 0.000000000000000000e+00
4.322893189879260800e-02 -7.133167136543260012e-02 -1.961152906844146893e-01 4.620462206602952981e-02 -1.249440207739287941e-17 -1.109741327880989503e-01 -3.865834016878123003e-01 2.154442027696860662e-01 2.237574569405327007e-01 -1.144840858678169565e-01 -7.650776742734642644e-02 1.260743864276082371e-01 6.443955015032160061e-02 1.539657319442299388e-01 -1.759964847186896442e-01 1.824077017086742428e-02 -1.752656213381341976e-01 9.128894063992469554e-02 -2.823865235551487052e-01 7.588568764299805092e-02 0.000000000000000000e+00 -5.671784490791947214e-02 2.628215086032482106e-01 7.778927216439932013e-02 2.120576419467627705e-01 -8.420081755781956556e-02 -7.352964194262864850e-02 -2.279716232077760585e-01 -1.654733646155692461e-01 2.864315631608266854e-01 6.183492927842345992e-03 -1.417813243908393472e-01 4.322893189879260800e-02 -7.133167136543260012e-02 -1.961152906844146893e-01 4.620462206602952981e-02 -1.249440207739287941e-17 -1.109741327880989503e-01 -3.865834016878123003e-01 2.154442027696860662e-01 2.237574569405327007e-01 -1.144840858678169565e-01 -7.650776742734642644e-02 1.260743864276082371e-01 6.443955015032160061e-02 1.539657319442299388e-01 -1.759964847186896442e-01 1.824077017086742428e-02 -1.752656213381341976e-01 9.128894063992469554e-02 -2.823865235551487052e-01 7.588568764299805092e-02 -9.999999999999998890e-01 -5.671784490791947214e-02 2.628215086032482106e-01 7.778927216439932013e-02 2.120576419467627705e-01 -8.420081755781956556e-02 -7.352964194262864850e-02 -2.279716232077760585e-01 -1.654733646155692461e-01 2.864315631608266854e-01 6.183492927842345992e-03 -1.417813243908393472e-01 0.000000000000000000e+00
-2.387101975392954753e-03 -9.133475062220111629e-02 -6.430339447984455281e-02 -4.264880156941495970e-02 1.109741327880989642e-01 1.344088661119744061e-17 -1.033182985719816316e-01 -1.389689486179364331e-01 2.390795894746495370e-02 1.846411452005785464e-02 1.445530426764630449e-01 -3.072610668521322946e-02 -3.768470611505599088e-02 1.184438467531211125e-01 -1.657648080827076598e-01 1.887854679415512382e-01 1.053287686094988157e-01 1.099643114763078772e-01 -1.485095964876620989e-01 -1.039305341955310772e-03 -5.671784490791947214e-02 0.000000000000000000e+00 7.478835866427187284e-02 -7.631172144031188320e-02 -3.148281506719050604e-01 -6.441309608798023723e-02 1.112710417920910744e-01 5.121409193252909886e-02 -1.084228035849204574e-01 3.290623129283715143e-02 -5.806851906772610150e-02 5.159794419096837975e-02 -2.387101975392954753e-03 -9.133475062220111629e-02 -6.430339447984455281e-02 -4.264880156941495970e-02 1.109741327880989642e-01 1.344088661119744061e-17 -1.033182985719816316e-01 -1.389689486179364331e-01 2.390795894746495370e-02 1.846411452005785464e-02 1.445530426764630449e-01 -3.072610668521322946e-02 -3.768470611505599088e-02 1.184438467531211125e-01 -1.657648080827076598e-01 1.887854679415512382e-01 1.053287686094988157e-01 1.099643114763078772e-01 -1.485095964876620989e-01 -1.039305341955310772e-03 -5.671784490791947214e-02 -6.123846140630418988e-01 7.478835866427187284e-02 -7.631172144031188320e-02 -3.148281506719050604e-01 -6.441309608798023723e-02 1.112710417920910744e-01 5.121409193252909886e-02 -1.084228035849204574e-01 3.290623129283715143e-02 -5.806851906772610150e-02 5.159794419096837975e-02 0.000000000000000000e+00
-1.950059258381753036e-01 -7.000269910699487286e-02 2.195155911180240171e-01 2.626647085352584038e-02 3.865834016878121893e-01 1.033182985719816593e-01 7.698804101875077124e-18 2.409719379499618633e-02 -4.883314575101342647e-02 5.372473227744623686e-02 -1.104025414872429750e-01 1.242469293596955016e-01 2.899758917809958647e-01 -2.292789088869958414e-01 2.443023390822087609e-02 1.007130038099891267e-01 2.759892095276335333e-02 1.702437358021931767e-03 8.533270975798969149e-02 2.029340685604997044e-02 2.628215086032482106e-01 7.478835866427187284e-02 0.000000000000000000e+00 1.381678483076678732e-01 8.937487879922904888e-02 -8.179015888620275176e-02 -1.171615181700701447e-01 1.091288615502582632e-01 6.053707460191678352e-02 1.247163758841748349e-01 -1.161003435611171752e-01 1.796670688546015415e-01 -1.950059258381753036e-01 -7.000269910699487286e-02 2.195155911180240171e-01 2.626647085352584038e-02 3.865834016878121893e-01 1.033182985719816593e-01 7.698804101875077124e-18 2.409719379499618633e-02 -4.883314575101342647e-02 5.372473227744623686e-02 -1.104025414872429750e-01 1.242469293596955016e-01 2.899758917809958647e-01 -2.292789088869958414e-01 2.443023390822087609e-02 1.007130038099891267e-01 2.759892095276335333e-02 1.702437358021931767e-03 8.533270975798969149e-02 2.029340685604997044e-02 2.628215086032482106e-01 7.478835866427187284e-02 -7.194138272462579087e-01 1.381678483076678732e-01 8.937487879922904888e-02 -8.179015888620275176e-02 -1.171615181700701447e-01 1.091288615502582632e-01 6.053707460191678352e-02 1.247163758841748349e-01 -1.161003435611171752e-01 1.796670688546015415e-01 0.000000000000000000e+00
-9.669619270699424118e-02 -7.617495550483732725e-02 1.737361817901809935e-01 -9.927420948919324362e-02 -2.154442027696860662e-01 1.389689486179364053e-01 -2.409719379499620021e-02 -6.640201092458890569e-18 2.192291490920118130e-02 1.713757424125195508e-02 7.378956485963243661e-02 -7.080619519282761775e-04 -1.172818793543647931e-02 -9.512430660159468254e-02 -1.958603312143261319e-02 4.293595609029281918e-02 1.519079079346408456e-01 -5.846158543824678255e-02 -1.842331149750955077e-01 -1.059172293741534460e-01 7.778927216439932013e-02 -7.631172144031188320e-02 1.381678483076678732e-01 0.000000000000000000e+00 -1.493538945250810768e-01 -2.462364077648374755e-02 2.146172924725280873e-01 5.835199414052051614e-02 -9.450570684781889330e-02 6.004046777355394326e-02 1.200935455945154884e-01 3.688638974793152087e-02 -9.669619270699424118e-02 -7.617495550483732725e-02 1.737361817901809935e-01 -9.927420948919324362e-02 -2.154442027696860662e-01 1.389689486179364053e-01 -2.409719379499620021e-02 -6.640201092458890569e-18 2.192291490920118130e-02 1.713757424125195508e-02 7.378956485963243661e-02 -7.080619519282761775e-04 -1.172818793543647931e-02 -9.512430660159468254e-02 -1.958603312143261319e-02 4.293595609029281918e-02 1.519079079346408456e-01 -5.846158543824678255e-02 -1.842331149750955077e-01 -1.059172293741534460e-01 7.778927216439932013e-02 -7.631172144031188320e-02 1.381678483076678732e-01 -6.183420640233806553e-01 -1.493538945250810768e-01 -2.462364077648374755e-02 2.146172924725280873e-01 5.835199414052051614e-02 -9.450570684781889330e-02 6.004046777355394326e-02 1.200935455945154884e-01 3.688638974793152087e-02 0.000000000000000000e+00
