0.000000000000000000e+00 1.175919699892478826e-01 8.504878183737153707e-02 1.625502291848666125e-01 1.468574938648015971e-01 1.586577805169950006e-01 7.252499988095184591e-02 2.493469074399868035e-01 7.291768606158419153e-02 -7.609922937216104070e-03 -8.484824170650434290e-04 -3.253684448629225179e-02 -1.491107594455736221e-02 -6.911809318996219031e-02 -8.752985884347007361e-02 -4.879796186265727975e-02 1.362207968903610893e-18 -1.147966766691922713e-01 -9.161841636177782411e-02 -2.009130061122661459e-01 -1.695661170202152901e-01 -1.927202409201216327e-01 6.026087802148293732e-02 3.563109884933536239e-03 5.709918645297479278e-02 -6.364101624392637380e-02 1.069810192726523279e-01 1.490990531471185765e-01 1.631697521728844684e-03 -5.129092550619889640e-02 -6.882148783765759670e-02 -3.964412626328529463e-03 -5.539912830700703950e-01 1.175919699892478826e-01 8.504878183737153707e-02 1.625502291848666125e-01 1.468574938648015971e-01 1.586577805169950006e-01 7.252499988095184591e-02 2.493469074399868035e-01 7.291768606158419153e-02 -7.609922937216104070e-03 -8.484824170650434290e-04 -3.253684448629225179e-02 -1.491107594455736221e-02 -6.911809318996219031e-02 -8.752985884347007361e-02 -4.879796186265727975e-02 1.362207968903610893e-18 -1.147966766691922713e-01 -9.161841636177782411e-02 -2.009130061122661459e-01 -1.695661170202152901e-01 -1.927202409201216327e-01 6.026087802148293732e-02 3.563109884933536239e-03 5.709918645297479278e-02 -6.364101624392637380e-02 1.069810192726523279e-01 1.490990531471185765e-01 1.631697521728844684e-03 -5.129092550619889640e-02 -6.882148783765759670e-02 -3.964412626328529463e-03 0.000000000000000000e+00
1.175919699892478826e-01 0.000000000000000000e+00 -3.041707999482822292e-02 -3.704269664271004486e-02 1.334244634209186819e-01 9.695293995544651544e-02 -1.838606473414152939e-03 -5.741507653833072961e-02 -2.397953857820290524e-01 6.924861430647696880e-02 1.751170444119150016e-01 6.907714334814966939e-02 -2.338912982338540447e-01 2.794418324407611787e-02 1.770434896759943144e-01 -2.322427212182593959e-01 1.147966766691922574e-01 7.406016188761859487e-18 -2.053372184638002917e-01 -7.577840656947930700e-03 -1.650878907113757788e-01 4.681921872035186422e-02 -5.518136156180659252e-02 -2.654089553332445450e-01 7.047536184975944362e-02 2.878747528927715349e-01 1.114241397892126312e-01 8.331897557364247031e-02 9.690729049222556943e-03 2.124868435957889545e-01 -2.905289611380042561e-02 2.925539770761709235e-03 1.175919699892478826e-01 -1.000000000000000000e+00 -3.041707999482822292e-02 -3.704269664271004486e-02 1.334244634209186819e-01 9.695293995544651544e-02 -1.838606473414152939e-03 -5.741507653833072961e-02 -2.397953857820290524e-01 6.924861430647696880e-02 1.751170444119150016e-01 6.907714334814966939e-02 -2.338912982338540447e-01 2.794418324407611787e-02 1.770434896759943144e-01 -2.322427212182593959e-01 1.147966766691922574e-01 7.406016188761859487e-18 -2.053372184638002917e-01 -7.577840656947930700e-03 -1.650878907113757788e-01 4.681921872035186422e-02 -5.518136156180659252e-02 -2.654089553332445450e-01 7.047536184975944362e-02 2.878747528927715349e-01 1.114241397892126312e-01 8.331897557364247031e-02 9.690729049222556943e-03 2.124868435957889545e-01 -2.905289611380042561e-02 2.925539770761709235e-03 0.000000000000000000e+00
8.504878183737153707e-02 -3.041707999482822292e-02 0.000000000000000000e+00 -3.960255147039615231e-02 1.328950615194305837e-03 -4.360425619779761952e-02 3.344159995440187244e-02 -9.164453355865521955e-02 8.529544012616874227e-02 1.687364167870003262e-01 1.790914076056512039e-01 -1.215482783768128405e-01 -1.058585109340035857e-01 5.214362660348311612e-02 -5.184721425068335859e-02 4.080327990346039463e-02 9.161841636177785186e-02 2.053372184638002917e-01 -2.643233155484399209e-17 1.184521799920369572e-01 -1.860083544092849261e-01 -5.048555044808552411e-03 -2.711567684401192668e-01 5.592976496993853214e-02 3.999030992276285390e-02 9.311542130221536762e-02 -1.564582194436620888e-01 -4.059588345295128686e-02 1.612549386704712207e-01 8.221272671895972495e-02 -3.332741657435633886e-02 1.054787076912014204e-01 8.504878183737153707e-02 -3.041707999482822292e-02 -6.607731306397595095e-01 -3.960255147039615231e-02 1.328950615194305837e-03 -4.360425619779761952e-02 3.344159995440187244e-02 -9.164453355865521955e-02 8.529544012616874227e-02 1.687364167870003262e-01 1.790914076056512039e-01 -1.215482783768128405e-01 -1.058585109340035857e-01 5.214362660348311612e-02 -5.184721425068335859e-02 4.080327990346039463e-02 9.161841636177785186e-02 2.053372184638002917e-01 -2.643233155484399209e-17 1.184521799920369572e-01 -1.860083544092849261e-01 -5.048555044808552411e-03 -2.711567684401192668e-01 5.592976496993853214e-02 3.999030992276285390e-02 9.311542130221536762e-02 -1.564582194436620888e-01 -4.059588345295128686e-02 1.612549386704712207e-01 8.221272671895972495e-02 -3.332741657435633886e-02 1.054787076912014204e-01 0.000000000000000000e+00
1.625502291848666125e-01 -3.704269664271004486e-02 -3.960255147039615231e-02 0.000000000000000000e+00 1.386236980219414557e-02 -5.091319528519244048e-02 8.328180432625655050e-02 1.025654323168917331e-01 1.875823020902813235e-02 -1.876133503315813578e-01 -1.281157366429288777e-02 1.782566862305693667e-01 1.575349494604368350e-01 3.611406890279518500e-02 -1.417389673675874540e-01 8.282879839813625522e-02 2.009130061122661459e-01 7.577840656947978405e-03 -1.184521799920369989e-01 -2.195966266163892082e-17 1.587100184069965003e-01 -7.362352430643272216e-02 7.544042623181473894e-02 -9.566536499911990760e-03 -4.691740363127629154e-02 -7.324670983610248598e-02 3.525530373520275457e-02 1.176860334331127494e-01 -6.291184553720421957e-02 6.306335372001110884e-02 6.751389786651036673e-02 -1.012410522518493450e-01 1.625502291848666125e-01 -3.704269664271004486e-02 -3.960255147039615231e-02 -8.265644563353858887e-01 1.386236980219414557e-02 -5.091319528519244048e-02 8.328180432625655050e-02 1.025654323168917331e-01 1.875823020902813235e-02 -1.876133503315813578e-01 -1.281157366429288777e-02 1.782566862305693667e-01 1.575349494604368350e-01 3.611406890279518500e-02 -1.417389673675874540e-01 8.282879839813625522e-02 2.009130061122661459e-01 7.577840656947978405e-03 -1.184521799920369989e-01 -2.195966266163892082e-17 1.587100184069965003e-01 -7.362352430643272216e-02 7.544042623181473894e-02 -9.566536499911990760e-03 -4.691740363127629154e-02 -7.324670983610248598e-02 3.525530373520275457e-02 1.176860334331127494e-01 -6.291184553720421957e-02 6.306335372001110884e-02 6.751389786651036673e-02 -1.012410522518493450e-01 0.000000000000000000e+00
1.468574938648015971e-01 1.334244634209186819e-01 1.328950615194305837e-03 1.386236980219414557e-02 0.000000000000000000e+00 -2.113238372272741028e-01 -7.685073370163358897e-02 -1.366439155163145236e-01 1.061314319614990731e-01 2.487480674220879928e-01 1.300468541637750906e-02 -3.430662984388954673e-02 2.926431841767581157e-03 -1.274210329143942444e-01 -8.399121239797835425e-02 6.992091424286360490e-02 1.695661170202153456e-01 1.650878907113757788e-01 1.860083544092849261e-01 -1.587100184069964726e-01 -1.678235699690167056e-17 -1.820216137926281008e-02 1.408973322231215075e-01 -8.433133668372162512e-04 3.975526612399259141e-02 -5.724444860610703595e-02 5.790282730738864625e-02 -1.265340336405450239e-01 1.696928191936622754e-01 -1.502460386966296690e-01 -4.356739828960095109e-03 1.040358894502702858e-01 1.468574938648015971e-01 1.334244634209186819e-01 1.328950615194305837e-03 1.386236980219414557e-02 -7.078993442098863165e-01 -2.113238372272741028e-01 -7.685073370163358897e-02 -1.366439155163145236e-01 1.061314319614990731e-01 2.487480674220879928e-01 1.300468541637750906e-02 -3.430662984388954673e-02 2.926431841767581157e-03 -1.274210329143942444e-01 -8.399121239797835425e-02 6.992091424286360490e-02 1.695661170202153456e-01 1.650878907113757788e-01 1.860083544092849261e-01 -1.587100184069964726e-01 -1.678235699690167056e-17 -1.820216137926281008e-02 1.408973322231215075e-01 -8.433133668372162512e-04 3.975526612399259141e-02 -5.724444860610703595e-02 5.790282730738864625e-02 -1.265340336405450239e-01 1.696928191936622754e-01 -1.502460386966296690e-01 -4.356739828960095109e-03 1.040358894502702858e-01 0.000000000000000000e+00
1.586577805169950006e-01 9.695293995544651544e-02 -4.360425619779761952e-02 -5.091319528519244048e-02 -2.113238372272741028e-01 0.000000000000000000e+00 4.831190572005042254e-03 -1.744175460634244945e-01 -4.184214417118536922e-02 -1.366038391242401784e-01 -1.338816613683121819e-02 1.990478741275784891e-01 1.704877988455642257e-01 1.480707060810430020e-01 -1.823503724232162018e-02 2.516391195246833745e-01 1.927202409201216882e-01 -4.681921872035187115e-02 5.048555044808516849e-03 7.362352430643276380e-02 1.820216137926279620e-02 4.155706124827167489e-18 1.459853659578233820e-01 -1.631966369794484173e-01 -5.428650935813204848e-02 1.486194341593835393e-02 -1.465446107799735775e-01 -2.030007875060102496e-01 -2.362200207708804039e-02 -1.121258125585186394e-01 1.160629649108930045e-01 1.061976611066083459e-01 1.586577805169950006e-01 9.695293995544651544e-02 -4.360425619779761952e-02 -5.091319528519244048e-02 -2.113238372272741028e-01 -8.448409689835512104e-01 4.831190572005042254e-03 -1.744175460634244945e-01 -4.184214417118536922e-02 -1.366038391242401784e-01 -1.338816613683121819e-02 1.990478741275784891e-01 1.704877988455642257e-01 1.480707060810430020e-01 -1.823503724232162018e-02 2.516391195246833745e-01 1.927202409201216882e-01 -4.681921872035187115e-02 5.048555044808516849e-03 7.362352430643276380e-02 1.820216137926279620e-02 4.155706124827167489e-18 1.459853659578233820e-01 -1.631966369794484173e-01 -5.428650935813204848e-02 1.486194341593835393e-02 -1.465446107799735775e-01 -2.030007875060102496e-01 -2.362200207708804039e-02 -1.121258125585186394e-01 1.160629649108930045e-01 1.061976611066083459e-01 0.000000000000000000e+00
7.252499988095184591e-02 -1.838606473414152939e-03 3.344159995440187244e-02 8.328180432625655050e-02 -7.685073370163358897e-02 4.831190572005042254e-03 0.000000000000000000e+00 -1.325525369756397343e-02 1.020317415728017041e-01 7.683745302377960329e-02 -8.403738490197201760e-02 -1.157348205833955701e-01 3.629068644605521030e-05 2.463316931632474338e-01 -8.218721156100095016e-02 1.711123457198716058e-01 -6.026087802148293038e-02 5.518136156180659946e-02 2.711567684401192113e-01 -7.544042623181473894e-02 -1.408973322231215075e-01 -1.459853659578233265e-01 4.030843401732128310e-18 5.550090335484143128e-02 -7.889352269599769762e-02 -1.345983132314214903e-01 -2.320307511132454689e-02 -4.185619850288366944e-02 3.700671296210141653e-02 1.639173582731052459e-01 3.893864835240924693e-02 6.883943289122496090e-02 7.252499988095184591e-02 -1.838606473414152939e-03 3.344159995440187244e-02 8.328180432625655050e-02 -7.685073370163358897e-02 4.831190572005042254e-03 -4.720635837357061715e-01 -1.325525369756397343e-02 1.020317415728017041e-01 7.683745302377960329e-02 -8.403738490197201760e-02 -1.157348205833955701e-01 3.629068644605521030e-05 2.463316931632474338e-01 -8.218721156100095016e-02 1.711123457198716058e-01 -6.026087802148293038e-02 5.518136156180659946e-02 2.711567684401192113e-01 -7.544042623181473894e-02 -1.408973322231215075e-01 -1.459853659578233265e-01 4.030843401732128310e-18 5.550090335484143128e-02 -7.889352269599769762e-02 -1.345983132314214903e-01 -2.320307511132454689e-02 -4.185619850288366944e-02 3.700671296210141653e-02 1.639173582731052459e-01 3.893864835240924693e-02 6.883943289122496090e-02 0.000000000000000000e+00
2.493469074399868035e-01 -5.741507653833072961e-02 -9.164453355865521955e-02 1.025654323168917331e-01 -1.366439155163145236e-01 -1.744175460634244945e-01 -1.325525369756397343e-02 0.000000000000000000e+00 -6.123228027784215557e-03 5.366893665591854906e-02 9.845776084616818247e-02 -7.479678552443286450e-03 -9.488497759590910907e-02 -6.365104965849398624e-03 1.394781553848418176e-01 -3.368325759178716211e-02 -3.563109884933520627e-03 2.654089553332444895e-01 -5.592976496993850438e-02 9.566536499911980351e-03 8.433133668372008555e-04 1.631966369794484450e-01 -5.550090335484147291e-02 1.533199700851309846e-17 -9.955262963438531523e-03 1.057814595535234159e-01 -1.017765607993564581e-01 -4.722486068583798408e-02 -3.357844363347402966e-02 -5.386054591592406154e-02 -1.334537465091702180e-01 1.732564273189994841e-01 2.493469074399868035e-01 -5.741507653833072961e-02 -9.164453355865521955e-02 1.025654323168917331e-01 -1.366439155163145236e-01 -1.744175460634244945e-01 -1.325525369756397343e-02 -6.568665463643796887e-01 -6.123228027784215557e-03 5.366893665591854906e-02 9.845776084616818247e-02 -7.479678552443286450e-03 -9.488497759590910907e-02 -6.365104965849398624e-03 1.394781553848418176e-01 -3.368325759178716211e-02 -3.563109884933520627e-03 2.654089553332444895e-01 -5.592976496993850438e-02 9.566536499911980351e-03 8.433133668372008555e-04 1.631966369794484450e-01 -5.550090335484147291e-02 1.533199700851309846e-17 -9.955262963438531523e-03 1.057814595535234159e-01 -1.017765607993564581e-01 -4.722486068583798408e-02 -3.357844363347402966e-02 -5.386054591592406154e-02 -1.334537465091702180e-01 1.732564273189994841e-01 0.000000000000000000e+00
7.291768606158419153e-02 -2.397953857820290524e-01 8.529544012616874227e-02 1.875823020902813235e-02 1.061314319614990731e-01 -4.184214417118536922e-02 1.020317415728017041e-01 -6.123228027784215557e-03 0.000000000000000000e+00 -1.026800423586948507e-01 -1.420137222812774824e-01 2.664170819458545059e-01 -1.091993639859328152e-01 4.240810427824591444e-02 2.956292226606579976e-01 -1.174539959992116217e-01 -5.709918645297476503e-02 -7.047536184975942974e-02 -3.999030992276287472e-02 4.691740363127627766e-02 -3.975526612399257059e-02 5.428650935813204848e-02 7.889352269599771150e-02 9.955262963438536727e-03 -4.959044698458125386e-18 1.559550506989740848e-01 -1.077158158819718076e-01 1.301819399976078262e-01 -2.433055090040096846e-02 -1.396083681631780093e-01 -2.848400155696111380e-01 -6.621077170711327231e-02 7.291768606158419153e-02 -2.397953857820290524e-01 8.529544012616874227e-02 1.875823020902813235e-02 1.061314319614990731e-01 -4.184214417118536922e-02 1.020317415728017041e-01 -6.123228027784215557e-03 -8.895523385260147853e-01 -1.026800423586948507e-01 -1.420137222812774824e-01 2.664170819458545059e-01 -1.091993639859328152e-01 4.240810427824591444e-02 2.956292226606579976e-01 -1.174539959992116217e-01 -5.709918645297476503e-02 -7.047536184975942974e-02 -3.999030992276287472e-02 4.691740363127627766e-02 -3.975526612399257059e-02 5.428650935813204848e-02 7.889352269599771150e-02 9.955262963438536727e-03 -4.959044698458125386e-18 1.559550506989740848e-01 -1.077158158819718076e-01 1.301819399976078262e-01 -2.433055090040096846e-02 -1.396083681631780093e-01 -2.848400155696111380e-01 -6.621077170711327231e-02 0.000000000000000000e+00
-7.609922937216104070e-03 6.924861430647696880e-02 1.687364167870003262e-01 -1.876133503315813578e-01 2.487480674220879928e-01 -1.366038391242401784e-01 7.683745302377960329e-02 5.366893665591854906e-02 -1.026800423586948507e-01 0.000000000000000000e+00 -2.581921496645244174e-01 1.369296590859863660e-01 -8.371266967216792199e-02 1.361351716867621187e-01 -3.945561371015669089e-02 4.834051350553442844e-02 6.364101624392635992e-02 -2.878747528927715349e-01 -9.311542130221533986e-02 7.324670983610248598e-02 5.724444860610707064e-02 -1.486194341593838689e-02 1.345983132314214903e-01 -1.057814595535233743e-01 -1.559550506989741125e-01 1.397132692492068071e-17 1.420118559729951768e-01 2.245468652606194271e-01 -1.425239163569113066e-01 -6.303679088379492146e-02 1.734234465888618293e-01 -4.027967119380796435e-01 -7.609922937216104070e-03 6.924861430647696880e-02 1.687364167870003262e-01 -1.876133503315813578e-01 2.487480674220879928e-01 -1.366038391242401784e-01 7.683745302377960329e-02 5.366893665591854906e-02 -1.026800423586948507e-01 -7.591188697705892885e-01 -2.581921496645244174e-01 1.369296590859863660e-01 -8.371266967216792199e-02 1.361351716867621187e-01 -3.945561371015669089e-02 4.834051350553442844e-02 6.364101624392635992e-02 -2.878747528927715349e-01 -9.311542130221533986e-02 7.324670983610248598e-02 5.724444860610707064e-02 -1.486194341593838689e-02 1.345983132314214903e-01 -1.057814595535233743e-01 -1.559550506989741125e-01 1.397132692492068071e-17 1.420118559729951768e-01 2.245468652606194271e-01 -1.425239163569113066e-01 -6.303679088379492146e-02 1.734234465888618293e-01 -4.027967119380796435e-01 0.000000000000000000e+00
-8.484824170650434290e-04 1.751170444119150016e-01 1.790914076056512039e-01 -1.281157366429288777e-02 1.300468541637750906e-02 -1.338816613683121819e-02 -8.403738490197201760e-02 9.845776084616818247e-02 -1.420137222812774824e-01 -2.581921496645244174e-01 0.000000000000000000e+00 6.461552689663173366e-02 3.975207151988140869e-02 4.806650602148923590e-02 -3.613583123834458732e-02 2.157900152528972326e-01 -1.069810192726523418e-01 -1.114241397892126451e-01 1.564582194436620610e-01 -3.525530373520274069e-02 -5.790282730738866013e-02 1.465446107799735775e-01 2.320307511132453648e-02 1.017765607993564858e-01 1.077158158819718076e-01 -1.420118559729951491e-01 1.770001267568634694e-17 -1.162370054930388502e-01 -7.197312367874796578e-03 -2.451384328555196723e-01 -8.375955428567595507e-02 -1.949557961583876231e-01 -8.484824170650434290e-04 1.751170444119150016e-01 1.790914076056512039e-01 -1.281157366429288777e-02 1.300468541637750906e-02 -1.338816613683121819e-02 -8.403738490197201760e-02 9.845776084616818247e-02 -1.420137222812774824e-01 -2.581921496645244174e-01 -6.345600799282944404e-01 6.461552689663173366e-02 3.975207151988140869e-02 4.806650602148923590e-02 -3.613583123834458732e-02 2.157900152528972326e-01 -1.069810192726523418e-01 -1.114241397892126451e-01 1.564582194436620610e-01 -3.525530373520274069e-02 -5.790282730738866013e-02 1.465446107799735775e-01 2.320307511132453648e-02 1.017765607993564858e-01 1.077158158819718076e-01 -1.420118559729951491e-01 1.770001267568634694e-17 -1.162370054930388502e-01 -7.197312367874796578e-03 -2.451384328555196723e-01 -8.375955428567595507e-02 -1.949557961583876231e-01 0.000000000000000000e+00
-3.253684448629225179e-02 6.907714334814966939e-02 -1.215482783768128405e-01 1.782566862305693667e-01 -3.430662984388954673e-02 1.990478741275784891e-01 -1.157348205833955701e-01 -7.479678552443286450e-03 2.664170819458545059e-01 1.369296590859863660e-01 6.461552689663173366e-02 0.000000000000000000e+00 2.739443650431846317e-02 -3.084759652825258547e-02 1.352874600626811918e-02 1.249946836284699936e-01 -1.490990531471185210e-01 -8.331897557364247031e-02 4.059588345295129380e-02 -1.176860334331127078e-01 1.265340336405450239e-01 2.030007875060103051e-01 4.185619850288365557e-02 4.722486068583799101e-02 -1.301819399976077429e-01 -2.245468652606195381e-01 1.162370054930388502e-01 -4.916916306891512733e-18 8.659338191634318588e-03 7.842882628401608158e-02 2.814879082451846384e-02 -1.769583174439708639e-01 -3.253684448629225179e-02 6.907714334814966939e-02 -1.215482783768128405e-01 1.782566862305693667e-01 -3.430662984388954673e-02 1.990478741275784891e-01 -1.157348205833955701e-01 -7.479678552443286450e-03 2.664170819458545059e-01 1.369296590859863660e-01 6.461552689663173366e-02 -6.894177362103173223e-01 2.739443650431846317e-02 -3.084759652825258547e-02 1.352874600626811918e-02 1.249946836284699936e-01 -1.490990531471185210e-01 -8.331897557364247031e-02 4.059588345295129380e-02 -1.176860334331127078e-01 1.265340336405450239e-01 2.030007875060103051e-01 4.185619850288365557e-02 4.722486068583799101e-02 -1.301819399976077429e-01 -2.245468652606195381e-01 1.162370054930388502e-01 -4.916916306891512733e-18 8.659338191634318588e-03 7.842882628401608158e-02 2.814879082451846384e-02 -1.769583174439708639e-01 0.000000000000000000e+00
-1.491107594455736221e-02 -2.338912982338540447e-01 -1.058585109340035857e-01 1.575349494604368350e-01 2.926431841767581157e-03 1.704877988455642257e-01 3.629068644605521030e-05 -9.488497759590910907e-02 -1.091993639859328152e-01 -8.371266967216792199e-02 3.975207151988140869e-02 2.739443650431846317e-02 0.000000000000000000e+00 2.593834812059813560e-02 1.112153285866888525e-01 -1.253324418171542776e-01 -1.631697521728854225e-03 -9.690729049222562147e-03 -1.612549386704712484e-01 6.291184553720424733e-02 -1.696928191936622199e-01 2.362200207708803346e-02 -3.700671296210141653e-02 3.357844363347404354e-02 2.433055090040099622e-02 1.425239163569113343e-01 7.197312367874774894e-03 -8.659338191634275220e-03 6.465496470912962168e-18 -2.709543550714057711e-02 -1.785192283380821268e-02 -9.776202155360026735e-02 -1.491107594455736221e-02 -2.338912982338540447e-01 -1.058585109340035857e-01 1.575349494604368350e-01 2.926431841767581157e-03 1.704877988455642257e-01 3.629068644605521030e-05 -9.488497759590910907e-02 -1.091993639859328152e-01 -8.371266967216792199e-02 3.975207151988140869e-02 2.739443650431846317e-02 -7.107511063392475403e-01 2.593834812059813560e-02 1.112153285866888525e-01 -1.253324418171542776e-01 -1.631697521728854225e-03 -9.690729049222562147e-03 -1.612549386704712484e-01 6.291184553720424733e-02 -1.696928191936622199e-01 2.362200207708803346e-02 -3.700671296210141653e-02 3.357844363347404354e-02 2.433055090040099622e-02 1.425239163569113343e-01 7.197312367874774894e-03 -8.659338191634275220e-03 6.465496470912962168e-18 -2.709543550714057711e-02 -1.785192283380821268e-02 -9.776202155360026735e-02 0.000000000000000000e+00
-6.911809318996219031e-02 2.794418324407611787e-02 5.214362660348311612e-02 3.611406890279518500e-02 -1.274210329143942444e-01 1.480707060810430020e-01 2.463316931632474338e-01 -6.365104965849398624e-03 4.240810427824591444e-02 1.361351716867621187e-01 4.806650602148923590e-02 -3.084759652825258547e-02 2.593834812059813560e-02 0.000000000000000000e+00 -2.447685397929210208e-03 -1.543344797628473097e-01 5.129092550619891028e-02 -2.124868435957889268e-01 -8.221272671895975270e-02 -6.306335372001110884e-02 1.502460386966295858e-01 1.121258125585186671e-01 -1.639173582731052181e-01 5.386054591592406154e-02 1.396083681631780371e-01 6.303679088379490758e-02 2.451384328555196723e-01 -7.842882628401606770e-02 2.709543550714057017e-02 -6.090016657492829897e-18 -2.359835549178203318e-01 1.134843214474256234e-01 -6.911809318996219031e-02 2.794418324407611787e-02 5.214362660348311612e-02 3.611406890279518500e-02 -1.274210329143942444e-01 1.480707060810430020e-01 2.463316931632474338e-01 -6.365104965849398624e-03 4.240810427824591444e-02 1.361351716867621187e-01 4.806650602148923590e-02 -3.084759652825258547e-02 2.593834812059813560e-02 -7.713353636416458992e-01 -2.447685397929210208e-03 -1.543344797628473097e-01 5.129092550619891028e-02 -2.124868435957889268e-01 -8.221272671895975270e-02 -6.306335372001110884e-02 1.502460386966295858e-01 1.121258125585186671e-01 -1.639173582731052181e-01 5.386054591592406154e-02 1.396083681631780371e-01 6.303679088379490758e-02 2.451384328555196723e-01 -7.842882628401606770e-02 2.709543550714057017e-02 -6.090016657492829897e-18 -2.359835549178203318e-01 1.134843214474256234e-01 0.000000000000000000e+00
-8.752985884347007361e-02 1.770434896759943144e-01 -5.184721425068335859e-02 -1.417389673675874540e-01 -8.399121239797835425e-02 -1.823503724232162018e-02 -8.218721156100095016e-02 1.394781553848418176e-01 2.956292226606579976e-01 -3.945561371015669089e-02 -3.613583123834458732e-02 1.352874600626811918e-02 1.112153285866888525e-01 -2.447685397929210208e-03 0.000000000000000000e+00 2.188337247352054871e-01 6.882148783765759670e-02 2.905289611380042908e-02 3.332741657435632499e-02 -6.751389786651036673e-02 4.356739828960105518e-03 -1.160629649108930045e-01 -3.893864835240926775e-02 1.334537465091702180e-01 2.848400155696110825e-01 -1.734234465888618570e-01 8.375955428567599670e-02 -2.814879082451847078e-02 1.785192283380820574e-02 2.359835549178203595e-01 7.021016986766737391e-18 9.239712419912210484e-02 -8.752985884347007361e-02 1.770434896759943144e-01 -5.184721425068335859e-02 -1.417389673675874540e-01 -8.399121239797835425e-02 -1.823503724232162018e-02 -8.218721156100095016e-02 1.394781553848418176e-01 2.956292226606579976e-01 -3.945561371015669089e-02 -3.613583123834458732e-02 1.352874600626811918e-02 1.112153285866888525e-01 -2.447685397929210208e-03 -4.839420648370052480e-01 2.188337247352054871e-01 6.882148783765759670e-02 2.905289611380042908e-02 3.332741657435632499e-02 -6.751389786651036673e-02 4.356739828960105518e-03 -1.160629649108930045e-01 -3.893864835240926775e-02 1.334537465091702180e-01 2.848400155696110825e-01 -1.734234465888618570e-01 8.375955428567599670e-02 -2.814879082451847078e-02 1.785192283380820574e-02 2.359835549178203595e-01 7.021016986766737391e-18 9.239712419912210484e-02 0.000000000000000000e+00
-4.879796186265727975e-02 -2.322427212182593959e-01 4.080327990346039463e-02 8.282879839813625522e-02 6.992091424286360490e-02 2.516391195246833745e-01 1.711123457198716058e-01 -3.368325759178716211e-02 -1.174539959992116217e-01 4.834051350553442844e-02 2.157900152528972326e-01 1.249946836284699936e-01 -1.253324418171542776e-01 -1.543344797628473097e-01 2.188337247352054871e-01 0.000000000000000000e+00 3.964412626328512983e-03 -2.925539770761699260e-03 -1.054787076912014343e-01 1.012410522518493311e-01 -1.040358894502703274e-01 -1.061976611066083598e-01 -6.883943289122497478e-02 -1.732564273189994564e-01 6.621077170711330007e-02 4.027967119380795880e-01 1.949557961583875954e-01 1.769583174439708917e-01 9.776202155360029511e-02 -1.134843214474256512e-01 -9.239712419912210484e-02 -5.387074749582033930e-18 -4.879796186265727975e-02 -2.322427212182593959e-01 4.080327990346039463e-02 8.282879839813625522e-02 6.992091424286360490e-02 2.516391195246833745e-01 1.711123457198716058e-01 -3.368325759178716211e-02 -1.174539959992116217e-01 4.834051350553442844e-02 2.157900152528972326e-01 1.249946836284699936e-01 -1.253324418171542776e-01 -1.543344797628473097e-01 2.188337247352054871e-01 -6.789954858989289965e-01 3.964412626328512983e-03 -2.925539770761699260e-03 -1.054787076912014343e-01 1.012410522518493311e-01 -1.040358894502703274e-01 -1.061976611066083598e-01 -6.883943289122497478e-02 -1.732564273189994564e-01 6.621077170711330007e-02 4.027967119380795880e-01 1.949557961583875954e-01 1.769583174439708917e-01 9.776202155360029511e-02 -1.134843214474256512e-01 -9.239712419912210484e-02 -5.387074749582033930e-18 0.000000000000000000e+00
1.362207968903610893e-18 1.147966766691922574e-01 9.161841636177785186e-02 2.009130061122661459e-01 1.695661170202153456e-01 1.927202409201216882e-01 -6.026087802148293038e-02 -3.563109884933520627e-03 -5.709918645297476503e-02 6.364101624392635992e-02 -1.069810192726523418e-01 -1.490990531471185210e-01 -1.631697521728854225e-03 5.129092550619891028e-02 6.882148783765759670e-02 3.964412626328512983e-03 0.000000000000000000e+00 1.175919699892479242e-01 8.504878183737155095e-02 1.625502291848666125e-01 1.468574938648016248e-01 1.586577805169950006e-01 7.252499988095184591e-02 2.493469074399867480e-01 7.291768606158419153e-02 -7.609922937216126622e-03 -8.484824170650421280e-04 -3.253684448629226567e-02 -1.491107594455735354e-02 -6.911809318996217644e-02 -8.752985884347003198e-02 -4.879796186265725894e-02 1.362207968903610893e-18 1.147966766691922574e-01 9.161841636177785186e-02 2.009130061122661459e-01 1.695661170202153456e-01 1.927202409201216882e-01 -6.026087802148293038e-02 -3.563109884933520627e-03 -5.709918645297476503e-02 6.364101624392635992e-02 -1.069810192726523418e-01 -1.490990531471185210e-01 -1.631697521728854225e-03 5.129092550619891028e-02 6.882148783765759670e-02 3.964412626328512983e-03 -5.539912830700706170e-01 1.175919699892479242e-01 8.504878183737155095e-02 1.625502291848666125e-01 1.468574938648016248e-01 1.586577805169950006e-01 7.252499988095184591e-02 2.493469074399867480e-01 7.291768606158419153e-02 -7.609922937216126622e-03 -8.484824170650421280e-04 -3.253684448629226567e-02 -1.491107594455735354e-02 -6.911809318996217644e-02 -8.752985884347003198e-02 -4.879796186265725894e-02 0.000000000000000000e+00
-1.147966766691922713e-01 7.406016188761859487e-18 2.053372184638002917e-01 7.577840656947978405e-03 1.650878907113757788e-01 -4.681921872035187115e-02 5.518136156180659946e-02 2.654089553332444895e-01 -7.047536184975942974e-02 -2.878747528927715349e-01 -1.114241397892126451e-01 -8.331897557364247031e-02 -9.690729049222562147e-03 -2.124868435957889268e-01 2.905289611380042908e-02 -2.925539770761699260e-03 1.175919699892479242e-01 0.000000000000000000e+00 -3.041707999482821598e-02 -3.704269664270997547e-02 1.334244634209187097e-01 9.695293995544651544e-02 -1.838606473414147952e-03 -5.741507653833070185e-02 -2.397953857820289969e-01 6.924861430647695493e-02 1.751170444119149183e-01 6.907714334814965551e-02 -2.338912982338541557e-01 2.794418324407611787e-02 1.770434896759943977e-01 -2.322427212182593126e-01 -1.147966766691922713e-01 7.406016188761859487e-18 2.053372184638002917e-01 7.577840656947978405e-03 1.650878907113757788e-01 -4.681921872035187115e-02 5.518136156180659946e-02 2.654089553332444895e-01 -7.047536184975942974e-02 -2.878747528927715349e-01 -1.114241397892126451e-01 -8.331897557364247031e-02 -9.690729049222562147e-03 -2.124868435957889268e-01 2.905289611380042908e-02 -2.925539770761699260e-03 1.175919699892479242e-01 -1.000000000000000000e+00 -3.041707999482821598e-02 -3.704269664270997547e-02 1.334244634209187097e-01 9.695293995544651544e-02 -1.838606473414147952e-03 -5.741507653833070185e-02 -2.397953857820289969e-01 6.924861430647695493e-02 1.751170444119149183e-01 6.907714334814965551e-02 -2.338912982338541557e-01 2.794418324407611787e-02 1.770434896759943977e-01 -2.322427212182593126e-01 0.000000000000000000e+00
-9.161841636177782411e-02 -2.053372184638002917e-01 -2.643233155484399209e-17 -1.184521799920369989e-01 1.860083544092849261e-01 5.048555044808516849e-03 2.711567684401192113e-01 -5.592976496993850438e-02 -3.999030992276287472e-02 -9.311542130221533986e-02 1.564582194436620610e-01 4.059588345295129380e-02 -1.612549386704712484e-01 -8.221272671895975270e-02 3.332741657435632499e-02 -1.054787076912014343e-01 8.504878183737155095e-02 -3.041707999482821598e-02 0.000000000000000000e+00 -3.960255147039614537e-02 1.328950615194300850e-03 -4.360425619779759870e-02 3.344159995440185162e-02 -9.164453355865523343e-02 8.529544012616874227e-02 1.687364167870003817e-01 1.790914076056512039e-01 -1.215482783768128683e-01 -1.058585109340036412e-01 5.214362660348310918e-02 -5.184721425068333084e-02 4.080327990346036687e-02 -9.161841636177782411e-02 -2.053372184638002917e-01 -2.643233155484399209e-17 -1.184521799920369989e-01 1.860083544092849261e-01 5.048555044808516849e-03 2.711567684401192113e-01 -5.592976496993850438e-02 -3.999030992276287472e-02 -9.311542130221533986e-02 1.564582194436620610e-01 4.059588345295129380e-02 -1.612549386704712484e-01 -8.221272671895975270e-02 3.332741657435632499e-02 -1.054787076912014343e-01 8.504878183737155095e-02 -3.041707999482821598e-02 -6.607731306397596205e-01 -3.960255147039614537e-02 1.328950615194300850e-03 -4.360425619779759870e-02 3.344159995440185162e-02 -9.164453355865523343e-02 8.529544012616874227e-02 1.687364167870003817e-01 1.790914076056512039e-01 -1.215482783768128683e-01 -1.058585109340036412e-01 5.214362660348310918e-02 -5.184721425068333084e-02 4.080327990346036687e-02 0.000000000000000000e+00
-2.009130061122661459e-01 -7.577840656947930700e-03 1.184521799920369572e-01 -2.195966266163892082e-17 -1.587100184069964726e-01 7.362352430643276380e-02 -7.544042623181473894e-02 9.566536499911980351e-03 4.691740363127627766e-02 7.324670983610248598e-02 -3.525530373520274069e-02 -1.176860334331127078e-01 6.291184553720424733e-02 -6.306335372001110884e-02 -6.751389786651036673e-02 1.012410522518493311e-01 1.625502291848666125e-01 -3.704269664270997547e-02 -3.960255147039614537e-02 0.000000000000000000e+00 1.386236980219415424e-02 -5.091319528519244048e-02 8.328180432625655050e-02 1.025654323168917331e-01 1.875823020902813235e-02 -1.876133503315813578e-01 -1.281157366429288083e-02 1.782566862305693944e-01 1.575349494604367795e-01 3.611406890279519194e-02 -1.417389673675874540e-01 8.282879839813628298e-02 -2.009130061122661459e-01 -7.577840656947930700e-03 1.184521799920369572e-01 -2.195966266163892082e-17 -1.587100184069964726e-01 7.362352430643276380e-02 -7.544042623181473894e-02 9.566536499911980351e-03 4.691740363127627766e-02 7.324670983610248598e-02 -3.525530373520274069e-02 -1.176860334331127078e-01 6.291184553720424733e-02 -6.306335372001110884e-02 -6.751389786651036673e-02 1.012410522518493311e-01 1.625502291848666125e-01 -3.704269664270997547e-02 -3.960255147039614537e-02 -8.265644563353856666e-01 1.386236980219415424e-02 -5.091319528519244048e-02 8.328180432625655050e-02 1.025654323168917331e-01 1.875823020902813235e-02 -1.876133503315813578e-01 -1.281157366429288083e-02 1.782566862305693944e-01 1.575349494604367795e-01 3.611406890279519194e-02 -1.417389673675874540e-01 8.282879839813628298e-02 0.000000000000000000e+00
-1.695661170202152901e-01 -1.650878907113757788e-01 -1.860083544092849261e-01 1.587100184069965003e-01 -1.678235699690167056e-17 1.820216137926279620e-02 -1.408973322231215075e-01 8.433133668372008555e-04 -3.975526612399257059e-02 5.724444860610707064e-02 -5.790282730738866013e-02 1.265340336405450239e-01 -1.696928191936622199e-01 1.502460386966295858e-01 4.356739828960105518e-03 -1.040358894502703274e-01 1.468574938648016248e-01 1.334244634209187097e-01 1.328950615194300850e-03 1.386236980219415424e-02 0.000000000000000000e+00 -2.113238372272741028e-01 -7.685073370163361672e-02 -1.366439155163145236e-01 1.061314319614990731e-01 2.487480674220880483e-01 1.300468541637753682e-02 -3.430662984388951897e-02 2.926431841767606311e-03 -1.274210329143942166e-01 -8.399121239797835425e-02 6.992091424286361878e-02 -1.695661170202152901e-01 -1.650878907113757788e-01 -1.860083544092849261e-01 1.587100184069965003e-01 -1.678235699690167056e-17 1.820216137926279620e-02 -1.408973322231215075e-01 8.433133668372008555e-04 -3.975526612399257059e-02 5.724444860610707064e-02 -5.790282730738866013e-02 1.265340336405450239e-01 -1.696928191936622199e-01 1.502460386966295858e-01 4.356739828960105518e-03 -1.040358894502703274e-01 1.468574938648016248e-01 1.334244634209187097e-01 1.328950615194300850e-03 1.386236980219415424e-02 -7.078993442098864275e-01 -2.113238372272741028e-01 -7.685073370163361672e-02 -1.366439155163145236e-01 1.061314319614990731e-01 2.487480674220880483e-01 1.300468541637753682e-02 -3.430662984388951897e-02 2.926431841767606311e-03 -1.274210329143942166e-01 -8.399121239797835425e-02 6.992091424286361878e-02 0.000000000000000000e+00
-1.927202409201216327e-01 4.681921872035186422e-02 -5.048555044808552411e-03 -7.362352430643272216e-02 -1.820216137926281008e-02 4.155706124827167489e-18 -1.459853659578233265e-01 1.631966369794484450e-01 5.428650935813204848e-02 -1.486194341593838689e-02 1.465446107799735775e-01 2.030007875060103051e-01 2.362200207708803346e-02 1.121258125585186671e-01 -1.160629649108930045e-01 -1.061976611066083598e-01 1.586577805169950006e-01 9.695293995544651544e-02 -4.360425619779759870e-02 -5.091319528519244048e-02 -2.113238372272741028e-01 0.000000000000000000e+00 4.831190572005054397e-03 -1.744175460634245223e-01 -4.184214417118534840e-02 -1.366038391242401784e-01 -1.338816613683123380e-02 1.990478741275784891e-01 1.704877988455642535e-01 1.480707060810429743e-01 -1.823503724232160630e-02 2.516391195246833745e-01 -1.927202409201216327e-01 4.681921872035186422e-02 -5.048555044808552411e-03 -7.362352430643272216e-02 -1.820216137926281008e-02 4.155706124827167489e-18 -1.459853659578233265e-01 1.631966369794484450e-01 5.428650935813204848e-02 -1.486194341593838689e-02 1.465446107799735775e-01 2.030007875060103051e-01 2.362200207708803346e-02 1.121258125585186671e-01 -1.160629649108930045e-01 -1.061976611066083598e-01 1.586577805169950006e-01 9.695293995544651544e-02 -4.360425619779759870e-02 -5.091319528519244048e-02 -2.113238372272741028e-01 -8.448409689835512104e-01 4.831190572005054397e-03 -1.744175460634245223e-01 -4.184214417118534840e-02 -1.366038391242401784e-01 -1.338816613683123380e-02 1.990478741275784891e-01 1.704877988455642535e-01 1.480707060810429743e-01 -1.823503724232160630e-02 2.516391195246833745e-01 0.000000000000000000e+00
6.026087802148293732e-02 -5.518136156180659252e-02 -2.711567684401192668e-01 7.544042623181473894e-02 1.408973322231215075e-01 1.459853659578233820e-01 4.030843401732128310e-18 -5.550090335484147291e-02 7.889352269599771150e-02 1.345983132314214903e-01 2.320307511132453648e-02 4.185619850288365557e-02 -3.700671296210141653e-02 -1.639173582731052181e-01 -3.893864835240926775e-02 -6.883943289122497478e-02 7.252499988095184591e-02 -1.838606473414147952e-03 3.344159995440185162e-02 8.328180432625655050e-02 -7.685073370163361672e-02 4.831190572005054397e-03 0.000000000000000000e+00 -1.325525369756395434e-02 1.020317415728016902e-01 7.683745302377958941e-02 -8.403738490197201760e-02 -1.157348205833955840e-01 3.629068644606334181e-05 2.463316931632474338e-01 -8.218721156100095016e-02 1.711123457198715780e-01 6.026087802148293732e-02 -5.518136156180659252e-02 -2.711567684401192668e-01 7.544042623181473894e-02 1.408973322231215075e-01 1.459853659578233820e-01 4.030843401732128310e-18 -5.550090335484147291e-02 7.889352269599771150e-02 1.345983132314214903e-01 2.320307511132453648e-02 4.185619850288365557e-02 -3.700671296210141653e-02 -1.639173582731052181e-01 -3.893864835240926775e-02 -6.883943289122497478e-02 7.252499988095184591e-02 -1.838606473414147952e-03 3.344159995440185162e-02 8.328180432625655050e-02 -7.685073370163361672e-02 4.831190572005054397e-03 -4.720635837357062270e-01 -1.325525369756395434e-02 1.020317415728016902e-01 7.683745302377958941e-02 -8.403738490197201760e-02 -1.157348205833955840e-01 3.629068644606334181e-05 2.463316931632474338e-01 -8.218721156100095016e-02 1.711123457198715780e-01 0.000000000000000000e+00
3.563109884933536239e-03 -2.654089553332445450e-01 5.592976496993853214e-02 -9.566536499911990760e-03 -8.433133668372162512e-04 -1.631966369794484173e-01 5.550090335484143128e-02 1.533199700851309846e-17 9.955262963438536727e-03 -1.057814595535233743e-01 1.017765607993564858e-01 4.722486068583799101e-02 3.357844363347404354e-02 5.386054591592406154e-02 1.334537465091702180e-01 -1.732564273189994564e-01 2.493469074399867480e-01 -5.741507653833070185e-02 -9.164453355865523343e-02 1.025654323168917331e-01 -1.366439155163145236e-01 -1.744175460634245223e-01 -1.325525369756395434e-02 0.000000000000000000e+00 -6.123228027784221629e-03 5.366893665591856294e-02 9.845776084616815471e-02 -7.479678552443270838e-03 -9.488497759590912295e-02 -6.365104965849396890e-03 1.394781553848418176e-01 -3.368325759178716211e-02 3.563109884933536239e-03 -2.654089553332445450e-01 5.592976496993853214e-02 -9.566536499911990760e-03 -8.433133668372162512e-04 -1.631966369794484173e-01 5.550090335484143128e-02 1.533199700851309846e-17 9.955262963438536727e-03 -1.057814595535233743e-01 1.017765607993564858e-01 4.722486068583799101e-02 3.357844363347404354e-02 5.386054591592406154e-02 1.334537465091702180e-01 -1.732564273189994564e-01 2.493469074399867480e-01 -5.741507653833070185e-02 -9.164453355865523343e-02 1.025654323168917331e-01 -1.366439155163145236e-01 -1.744175460634245223e-01 -1.325525369756395434e-02 -6.568665463643795777e-01 -6.123228027784221629e-03 5.366893665591856294e-02 9.845776084616815471e-02 -7.479678552443270838e-03 -9.488497759590912295e-02 -6.365104965849396890e-03 1.394781553848418176e-01 -3.368325759178716211e-02 0.000000000000000000e+00
