0.000000000000000000e+00 -9.608237319163684398e-02 8.682260053552498524e-02 2.542697376123331243e-01 4.747372289290991559e-02 -5.897252636380278384e-02 -1.090821572633233899e-01 9.537524193100098760e-03 -1.573349845908119105e-01 9.204195567451056714e-02 -9.593176664231091444e-02 3.531920487635038797e-02 -4.458669965468799179e-02 2.018975742960266440e-01 1.886360012302866485e-01 -3.642139989798986316e-02 -1.412706133358315648e-17 1.168028182686645239e-01 -1.095355555716141099e-01 -1.480514555852000258e-01 3.788819948987542756e-03 -8.533709054673106753e-02 -1.955267513493113840e-01 -1.070376565800405660e-01 -2.838101590969598770e-02 -3.591353817095978979e-02 -8.287637411517841113e-02 6.323206173424185395e-02 -2.532108696980566731e-01 3.072312911718378531e-02 -6.286006515590114585e-02 -9.158965118872358646e-02 -5.952214165364538845e-01 -9.608237319163684398e-02 8.682260053552498524e-02 2.542697376123331243e-01 4.747372289290991559e-02 -5.897252636380278384e-02 -1.090821572633233899e-01 9.537524193100098760e-03 -1.573349845908119105e-01 9.204195567451056714e-02 -9.593176664231091444e-02 3.531920487635038797e-02 -4.458669965468799179e-02 2.018975742960266440e-01 1.886360012302866485e-01 -3.642139989798986316e-02 -1.412706133358315648e-17 1.168028182686645239e-01 -1.095355555716141099e-01 -1.480514555852000258e-01 3.788819948987542756e-03 -8.533709054673106753e-02 -1.955267513493113840e-01 -1.070376565800405660e-01 -2.838101590969598770e-02 -3.591353817095978979e-02 -8.287637411517841113e-02 6.323206173424185395e-02 -2.532108696980566731e-01 3.072312911718378531e-02 -6.286006515590114585e-02 -9.158965118872358646e-02 0.000000000000000000e+00
-9.608237319163684398e-02 0.000000000000000000e+00 2.054924264167027059e-01 1.534128411960424265e-01 -9.093271146189534082e-02 -6.123723521918222890e-02 -6.300315184592564233e-02 1.100539353534521897e-01 3.229102348465175826e-02 6.107950076157133562e-02 5.016468107927574138e-02 -1.400029044691279145e-01 8.954146960604225658e-02 -6.509273252863459480e-02 -6.989888445560933639e-02 -4.237239350833892082e-02 -1.168028182686644684e-01 -1.337265074570535984e-18 5.622718217495006020e-03 -8.781511530721586994e-03 1.149400184337624753e-01 -1.076156578434696864e-01 -3.510493641071206483e-02 -1.523519496686015218e-01 -1.417316259077280038e-01 1.046208008704292529e-02 -4.376394444995734129e-02 -1.977448018997686185e-01 -6.326731048427562676e-02 -4.001654853634423886e-02 -3.519485255556950576e-02 7.109073548827718469e-02 -9.608237319163684398e-02 -5.713832760148958023e-01 2.054924264167027059e-01 1.534128411960424265e-01 -9.093271146189534082e-02 -6.123723521918222890e-02 -6.300315184592564233e-02 1.100539353534521897e-01 3.229102348465175826e-02 6.107950076157133562e-02 5.016468107927574138e-02 -1.400029044691279145e-01 8.954146960604225658e-02 -6.509273252863459480e-02 -6.989888445560933639e-02 -4.237239350833892082e-02 -1.168028182686644684e-01 -1.337265074570535984e-18 5.622718217495006020e-03 -8.781511530721586994e-03 1.149400184337624753e-01 -1.076156578434696864e-01 -3.510493641071206483e-02 -1.523519496686015218e-01 -1.417316259077280038e-01 1.046208008704292529e-02 -4.376394444995734129e-02 -1.977448018997686185e-01 -6.326731048427562676e-02 -4.001654853634423886e-02 -3.519485255556950576e-02 7.109073548827718469e-02 0.000000000000000000e+00
8.682260053552498524e-02 2.054924264167027059e-01 0.000000000000000000e+00 -3.205348833089903815e-01 -1.340748161259014692e-01 1.972861341395312079e-02 9.682931128616444061e-02 -1.621795733297724806e-02 -1.685532268063680283e-01 -2.193012281047343748e-01 -9.944485944401028343e-02 3.474749286257389214e-02 -4.695078482445428497e-02 -1.124768779530914281e-01 1.194157753177466363e-01 3.855010038011234125e-02 1.095355555716141377e-01 -5.622718217495018163e-03 1.264250162091333508e-17 -2.668244277725770885e-01 2.032475903463309141e-01 7.388185886352703624e-02 2.130712988060984026e-01 3.202810212707477011e-01 2.102587975796731679e-01 7.507094602472140499e-02 7.498992530085185626e-02 2.039354857626621831e-01 -4.538296461187736608e-02 -6.017312152060796254e-02 -6.693841879294777468e-03 -9.925870922952044484e-02 8.682260053552498524e-02 2.054924264167027059e-01 -1.000000000000000000e+00 -3.205348833089903815e-01 -1.340748161259014692e-01 1.972861341395312079e-02 9.682931128616444061e-02 -1.621795733297724806e-02 -1.685532268063680283e-01 -2.193012281047343748e-01 -9.944485944401028343e-02 3.474749286257389214e-02 -4.695078482445428497e-02 -1.124768779530914281e-01 1.194157753177466363e-01 3.855010038011234125e-02 1.095355555716141377e-01 -5.622718217495018163e-03 1.264250162091333508e-17 -2.668244277725770885e-01 2.032475903463309141e-01 7.388185886352703624e-02 2.130712988060984026e-01 3.202810212707477011e-01 2.102587975796731679e-01 7.507094602472140499e-02 7.498992530085185626e-02 2.039354857626621831e-01 -4.538296461187736608e-02 -6.017312152060796254e-02 -6.693841879294777468e-03 -9.925870922952044484e-02 0.000000000000000000e+00
2.542697376123331243e-01 1.534128411960424265e-01 -3.205348833089903815e-01 0.000000000000000000e+00 1.649796580303347637e-01 7.633953081801415907e-02 3.972766120733500425e-03 2.399274058560454670e-01 -7.395106311053002701e-02 1.181967655079287083e-02 5.389120224117683461e-02 -6.394910321361042815e-02 -2.537534067294392459e-01 -7.960220216940067095e-02 -1.275232770785689473e-01 5.136437998210845873e-02 1.480514555852000258e-01 8.781511530721585260e-03 2.668244277725770330e-01 1.579221254835343592e-18 6.669746632542040976e-02 2.955139100179765901e-02 2.700229121945606492e-01 4.977484669727838540e-02 1.280996494657808127e-01 7.011535874430231685e-02 1.051040497213869690e-01 -1.046745382227979215e-04 1.133593781552458823e-01 9.999140342582449326e-02 3.811237800413196097e-02 -2.615104846151558235e-02 2.542697376123331243e-01 1.534128411960424265e-01 -3.205348833089903815e-01 -7.954765814242572564e-01 1.649796580303347637e-01 7.633953081801415907e-02 3.972766120733500425e-03 2.399274058560454670e-01 -7.395106311053002701e-02 1.181967655079287083e-02 5.389120224117683461e-02 -6.394910321361042815e-02 -2.537534067294392459e-01 -7.960220216940067095e-02 -1.275232770785689473e-01 5.136437998210845873e-02 1.480514555852000258e-01 8.781511530721585260e-03 2.668244277725770330e-01 1.579221254835343592e-18 6.669746632542040976e-02 2.955139100179765901e-02 2.700229121945606492e-01 4.977484669727838540e-02 1.280996494657808127e-01 7.011535874430231685e-02 1.051040497213869690e-01 -1.046745382227979215e-04 1.133593781552458823e-01 9.999140342582449326e-02 3.811237800413196097e-02 -2.615104846151558235e-02 0.000000000000000000e+00
4.747372289290991559e-02 -9.093271146189534082e-02 -1.340748161259014692e-01 1.649796580303347637e-01 0.000000000000000000e+00 -1.042038267271401530e-01 5.119093639081388758e-02 1.172916815436347501e-02 -5.145225947135879940e-02 -1.048699981152521887e-02 -8.848371585452032007e-02 -7.552172681536620247e-02 4.573640916359962560e-02 2.145935741845110198e-02 4.568266897250971084e-03 -2.676358727050048292e-01 -3.788819948987536684e-03 -1.149400184337624337e-01 -2.032475903463309419e-01 -6.669746632542038201e-02 -9.565804808018309823e-19 -8.511749563977082100e-02 -1.471620513276173381e-01 -5.886807880675165583e-02 -6.278535232539649014e-03 4.272946320961594231e-04 1.130641041815084874e-01 1.400276905939746019e-01 1.392530899930585209e-01 -2.026673389545476933e-01 -2.088547237082976626e-01 1.911656142473079356e-01 4.747372289290991559e-02 -9.093271146189534082e-02 -1.340748161259014692e-01 1.649796580303347637e-01 -6.606980601540152209e-01 -1.042038267271401530e-01 5.119093639081388758e-02 1.172916815436347501e-02 -5.145225947135879940e-02 -1.048699981152521887e-02 -8.848371585452032007e-02 -7.552172681536620247e-02 4.573640916359962560e-02 2.145935741845110198e-02 4.568266897250971084e-03 -2.676358727050048292e-01 -3.788819948987536684e-03 -1.149400184337624337e-01 -2.032475903463309419e-01 -6.669746632542038201e-02 -9.565804808018309823e-19 -8.511749563977082100e-02 -1.471620513276173381e-01 -5.886807880675165583e-02 -6.278535232539649014e-03 4.272946320961594231e-04 1.130641041815084874e-01 1.400276905939746019e-01 1.392530899930585209e-01 -2.026673389545476933e-01 -2.088547237082976626e-01 1.911656142473079356e-01 0.000000000000000000e+00
-5.897252636380278384e-02 -6.123723521918222890e-02 1.972861341395312079e-02 7.633953081801415907e-02 -1.042038267271401530e-01 0.000000000000000000e+00 -7.086199619102753755e-02 -2.009438393839485526e-01 -1.591395511658232065e-02 -1.203177736751871556e-02 -6.766123458133714574e-02 8.896841862333178252e-02 3.906826553487414977e-02 1.200189204392924369e-01 9.662692537092894274e-02 1.857952248902001724e-01 8.533709054673108141e-02 1.076156578434696864e-01 -7.388185886352696685e-02 -2.955139100179765554e-02 8.511749563977083488e-02 -1.626594833730438481e-18 1.357201398636865078e-02 -1.295854226713281324e-03 3.397797636376028579e-02 2.249083670342771624e-01 4.119731019929979282e-02 1.615668933978564037e-01 2.109795434990955135e-02 -1.784421618718868008e-01 -1.557267628465031258e-02 -6.834893145456798214e-02 -5.897252636380278384e-02 -6.123723521918222890e-02 1.972861341395312079e-02 7.633953081801415907e-02 -1.042038267271401530e-01 -7.692500213950245191e-01 -7.086199619102753755e-02 -2.009438393839485526e-01 -1.591395511658232065e-02 -1.203177736751871556e-02 -6.766123458133714574e-02 8.896841862333178252e-02 3.906826553487414977e-02 1.200189204392924369e-01 9.662692537092894274e-02 1.857952248902001724e-01 8.533709054673108141e-02 1.076156578434696864e-01 -7.388185886352696685e-02 -2.955139100179765554e-02 8.511749563977083488e-02 -1.626594833730438481e-18 1.357201398636865078e-02 -1.295854226713281324e-03 3.397797636376028579e-02 2.249083670342771624e-01 4.119731019929979282e-02 1.615668933978564037e-01 2.109795434990955135e-02 -1.784421618718868008e-01 -1.557267628465031258e-02 -6.834893145456798214e-02 0.000000000000000000e+00
-1.090821572633233899e-01 -6.300315184592564233e-02 9.682931128616444061e-02 3.972766120733500425e-03 5.119093639081388758e-02 -7.086199619102753755e-02 0.000000000000000000e+00 -1.383945201395074265e-01 -6.962490757278158582e-02 3.497980968744525930e-04 -7.817502636076631081e-03 6.954233815859975354e-02 1.331181838180185359e-02 -7.185611900264365914e-02 -1.282301978615184579e-01 1.730014649810253102e-01 1.955267513493113007e-01 3.510493641071207871e-02 -2.130712988060984026e-01 -2.700229121945605937e-01 1.471620513276173103e-01 -1.357201398636866986e-02 -1.070953510481891918e-18 -1.327537094008293395e-01 -1.248498188390720770e-01 9.922241761973506907e-03 -3.775814545858877103e-02 -4.903899554480553591e-02 -8.944775823398791459e-02 -1.539921922420565970e-01 -4.945662378001997733e-02 9.551755073424084141e-02 -1.090821572633233899e-01 -6.300315184592564233e-02 9.682931128616444061e-02 3.972766120733500425e-03 5.119093639081388758e-02 -7.086199619102753755e-02 -6.338028711753651567e-01 -1.383945201395074265e-01 -6.962490757278158582e-02 3.497980968744525930e-04 -7.817502636076631081e-03 6.954233815859975354e-02 1.331181838180185359e-02 -7.185611900264365914e-02 -1.282301978615184579e-01 1.730014649810253102e-01 1.955267513493113007e-01 3.510493641071207871e-02 -2.130712988060984026e-01 -2.700229121945605937e-01 1.471620513276173103e-01 -1.357201398636866986e-02 -1.070953510481891918e-18 -1.327537094008293395e-01 -1.248498188390720770e-01 9.922241761973506907e-03 -3.775814545858877103e-02 -4.903899554480553591e-02 -8.944775823398791459e-02 -1.539921922420565970e-01 -4.945662378001997733e-02 9.551755073424084141e-02 0.000000000000000000e+00
9.537524193100098760e-03 1.100539353534521897e-01 -1.621795733297724806e-02 2.399274058560454670e-01 1.172916815436347501e-02 -2.009438393839485526e-01 -1.383945201395074265e-01 0.000000000000000000e+00 -1.432996294418973915e-01 -2.016944955206015702e-02 -2.686882983590329482e-02 -9.122344723471415701e-03 -2.686150731617388543e-02 -1.279856305225632596e-01 3.720429917548967458e-02 9.217321112248896831e-02 1.070376565800405799e-01 1.523519496686014385e-01 -3.202810212707475901e-01 -4.977484669727842009e-02 5.886807880675173216e-02 1.295854226713292383e-03 1.327537094008293117e-01 -7.380872620705312030e-18 2.246691509873651946e-02 -2.252587843362168496e-01 1.411699013108242418e-01 1.938297426683163738e-01 6.289874969105434255e-02 3.053362750606527717e-02 3.764687459081534487e-02 -1.828581585663179299e-01 9.537524193100098760e-03 1.100539353534521897e-01 -1.621795733297724806e-02 2.399274058560454670e-01 1.172916815436347501e-02 -2.009438393839485526e-01 -1.383945201395074265e-01 -8.635932947290791972e-01 -1.432996294418973915e-01 -2.016944955206015702e-02 -2.686882983590329482e-02 -9.122344723471415701e-03 -2.686150731617388543e-02 -1.279856305225632596e-01 3.720429917548967458e-02 9.217321112248896831e-02 1.070376565800405799e-01 1.523519496686014385e-01 -3.202810212707475901e-01 -4.977484669727842009e-02 5.886807880675173216e-02 1.295854226713292383e-03 1.327537094008293117e-01 -7.380872620705312030e-18 2.246691509873651946e-02 -2.252587843362168496e-01 1.411699013108242418e-01 1.938297426683163738e-01 6.289874969105434255e-02 3.053362750606527717e-02 3.764687459081534487e-02 -1.828581585663179299e-01 0.000000000000000000e+00
-1.573349845908119105e-01 3.229102348465175826e-02 -1.685532268063680283e-01 -7.395106311053002701e-02 -5.145225947135879940e-02 -1.591395511658232065e-02 -6.962490757278158582e-02 -1.432996294418973915e-01 0.000000000000000000e+00 5.905662582422053358e-02 -1.430424144009422305e-01 -1.153813408868373386e-01 -2.450516347838610220e-01 5.788367260835310113e-02 -6.056696781746528924e-02 -4.446790978000541433e-02 2.838101590969599464e-02 1.417316259077280038e-01 -2.102587975796731679e-01 -1.280996494657808127e-01 6.278535232539616054e-03 -3.397797636376027192e-02 1.248498188390720354e-01 -2.246691509873650558e-02 9.865022204338119061e-18 -1.654887973014793623e-01 7.330735102786173352e-02 8.358632306794533395e-02 -1.463880635161863564e-01 5.844456470291613942e-02 1.107658732751195529e-01 -1.099047749584402545e-01 -1.573349845908119105e-01 3.229102348465175826e-02 -1.685532268063680283e-01 -7.395106311053002701e-02 -5.145225947135879940e-02 -1.591395511658232065e-02 -6.962490757278158582e-02 -1.432996294418973915e-01 -4.465868094547752465e-01 5.905662582422053358e-02 -1.430424144009422305e-01 -1.153813408868373386e-01 -2.450516347838610220e-01 5.788367260835310113e-02 -6.056696781746528924e-02 -4.446790978000541433e-02 2.838101590969599464e-02 1.417316259077280038e-01 -2.102587975796731679e-01 -1.280996494657808127e-01 6.278535232539616054e-03 -3.397797636376027192e-02 1.248498188390720354e-01 -2.246691509873650558e-02 9.865022204338119061e-18 -1.654887973014793623e-01 7.330735102786173352e-02 8.358632306794533395e-02 -1.463880635161863564e-01 5.844456470291613942e-02 1.107658732751195529e-01 -1.099047749584402545e-01 0.000000000000000000e+00
9.204195567451056714e-02 6.107950076157133562e-02 -2.193012281047343748e-01 1.181967655079287083e-02 -1.048699981152521887e-02 -1.203177736751871556e-02 3.497980968744525930e-04 -2.016944955206015702e-02 5.905662582422053358e-02 0.000000000000000000e+00 2.038282808722935713e-01 1.642654192094024704e-02 -3.400488313404532309e-02 7.031422244665124595e-04 8.826247981788230834e-02 8.289910613441844878e-02 3.591353817095978979e-02 -1.046208008704294090e-02 -7.507094602472143274e-02 -7.011535874430231685e-02 -4.272946320961550320e-04 -2.249083670342770791e-01 -9.922241761973475682e-03 2.252587843362167663e-01 1.654887973014794178e-01 1.195364595287795463e-17 -7.300763555441215635e-02 -4.341727106245997503e-02 1.754563952389709136e-01 1.305763918035523531e-02 2.574390955297083394e-01 4.630049710701934773e-02 9.204195567451056714e-02 6.107950076157133562e-02 -2.193012281047343748e-01 1.181967655079287083e-02 -1.048699981152521887e-02 -1.203177736751871556e-02 3.497980968744525930e-04 -2.016944955206015702e-02 5.905662582422053358e-02 -6.282426194467216618e-01 2.038282808722935713e-01 1.642654192094024704e-02 -3.400488313404532309e-02 7.031422244665124595e-04 8.826247981788230834e-02 8.289910613441844878e-02 3.591353817095978979e-02 -1.046208008704294090e-02 -7.507094602472143274e-02 -7.011535874430231685e-02 -4.272946320961550320e-04 -2.249083670342770791e-01 -9.922241761973475682e-03 2.252587843362167663e-01 1.654887973014794178e-01 1.195364595287795463e-17 -7.300763555441215635e-02 -4.341727106245997503e-02 1.754563952389709136e-01 1.305763918035523531e-02 2.574390955297083394e-01 4.630049710701934773e-02 0.000000000000000000e+00
-9.593176664231091444e-02 5.016468107927574138e-02 -9.944485944401028343e-02 5.389120224117683461e-02 -8.848371585452032007e-02 -6.766123458133714574e-02 -7.817502636076631081e-03 -2.686882983590329482e-02 -1.430424144009422305e-01 2.038282808722935713e-01 0.000000000000000000e+00 -1.203860737076352105e-01 -6.258510076589032800e-02 1.243944038804079555e-01 1.272403568898347881e-01 6.633868716161003820e-02 8.287637411517845276e-02 4.376394444995734129e-02 -7.498992530085184238e-02 -1.051040497213869551e-01 -1.130641041815085290e-01 -4.119731019929982058e-02 3.775814545858875715e-02 -1.411699013108242418e-01 -7.330735102786174739e-02 7.300763555441214248e-02 9.205813951925195637e-18 8.190679339673932746e-02 -1.313010883433721465e-01 -1.889343040005607988e-01 -3.122783484178326407e-01 -1.519215437497913601e-01 -9.593176664231091444e-02 5.016468107927574138e-02 -9.944485944401028343e-02 5.389120224117683461e-02 -8.848371585452032007e-02 -6.766123458133714574e-02 -7.817502636076631081e-03 -2.686882983590329482e-02 -1.430424144009422305e-01 2.038282808722935713e-01 -4.899982155149063545e-01 -1.203860737076352105e-01 -6.258510076589032800e-02 1.243944038804079555e-01 1.272403568898347881e-01 6.633868716161003820e-02 8.287637411517845276e-02 4.376394444995734129e-02 -7.498992530085184238e-02 -1.051040497213869551e-01 -1.130641041815085290e-01 -4.119731019929982058e-02 3.775814545858875715e-02 -1.411699013108242418e-01 -7.330735102786174739e-02 7.300763555441214248e-02 9.205813951925195637e-18 8.190679339673932746e-02 -1.313010883433721465e-01 -1.889343040005607988e-01 -3.122783484178326407e-01 -1.519215437497913601e-01 0.000000000000000000e+00
3.531920487635038797e-02 -1.400029044691279145e-01 3.474749286257389214e-02 -6.394910321361042815e-02 -7.552172681536620247e-02 8.896841862333178252e-02 6.954233815859975354e-02 -9.122344723471415701e-03 -1.153813408868373386e-01 1.642654192094024704e-02 -1.203860737076352105e-01 0.000000000000000000e+00 -5.696529064254788471e-02 5.652691391956557454e-02 1.060007934048872308e-01 8.131256940991380203e-03 -6.323206173424189558e-02 1.977448018997685353e-01 -2.039354857626621831e-01 1.046745382228109862e-04 -1.400276905939745742e-01 -1.615668933978563759e-01 4.903899554480554979e-02 -1.938297426683163460e-01 -8.358632306794536171e-02 4.341727106245997503e-02 -8.190679339673932746e-02 5.422777868836132052e-18 9.109358174186302226e-02 1.196033793442187118e-02 -4.233526997956843507e-03 5.403295566964004190e-03 3.531920487635038797e-02 -1.400029044691279145e-01 3.474749286257389214e-02 -6.394910321361042815e-02 -7.552172681536620247e-02 8.896841862333178252e-02 6.954233815859975354e-02 -9.122344723471415701e-03 -1.153813408868373386e-01 1.642654192094024704e-02 -1.203860737076352105e-01 -4.662734621621938413e-01 -5.696529064254788471e-02 5.652691391956557454e-02 1.060007934048872308e-01 8.131256940991380203e-03 -6.323206173424189558e-02 1.977448018997685353e-01 -2.039354857626621831e-01 1.046745382228109862e-04 -1.400276905939745742e-01 -1.615668933978563759e-01 4.903899554480554979e-02 -1.938297426683163460e-01 -8.358632306794536171e-02 4.341727106245997503e-02 -8.190679339673932746e-02 5.422777868836132052e-18 9.109358174186302226e-02 1.196033793442187118e-02 -4.233526997956843507e-03 5.403295566964004190e-03 0.000000000000000000e+00
-4.458669965468799179e-02 8.954146960604225658e-02 -4.695078482445428497e-02 -2.537534067294392459e-01 4.573640916359962560e-02 3.906826553487414977e-02 1.331181838180185359e-02 -2.686150731617388543e-02 -2.450516347838610220e-01 -3.400488313404532309e-02 -6.258510076589032800e-02 -5.696529064254788471e-02 0.000000000000000000e+00 1.322877974022547420e-01 -4.019123017290646659e-03 -1.058851017164130492e-01 2.532108696980566176e-01 6.326731048427562676e-02 4.538296461187734526e-02 -1.133593781552458546e-01 -1.392530899930585764e-01 -2.109795434990953053e-02 8.944775823398791459e-02 -6.289874969105434255e-02 1.463880635161863564e-01 -1.754563952389709691e-01 1.313010883433721188e-01 -9.109358174186302226e-02 -5.007738968504469673e-18 6.995788919161259611e-02 7.865652304565408370e-02 -1.705712975415645816e-01 -4.458669965468799179e-02 8.954146960604225658e-02 -4.695078482445428497e-02 -2.537534067294392459e-01 4.573640916359962560e-02 3.906826553487414977e-02 1.331181838180185359e-02 -2.686150731617388543e-02 -2.450516347838610220e-01 -3.400488313404532309e-02 -6.258510076589032800e-02 -5.696529064254788471e-02 -5.028304388300101069e-01 1.322877974022547420e-01 -4.019123017290646659e-03 -1.058851017164130492e-01 2.532108696980566176e-01 6.326731048427562676e-02 4.538296461187734526e-02 -1.133593781552458546e-01 -1.392530899930585764e-01 -2.109795434990953053e-02 8.944775823398791459e-02 -6.289874969105434255e-02 1.463880635161863564e-01 -1.754563952389709691e-01 1.313010883433721188e-01 -9.109358174186302226e-02 -5.007738968504469673e-18 6.995788919161259611e-02 7.865652304565408370e-02 -1.705712975415645816e-01 0.000000000000000000e+00
2.018975742960266440e-01 -6.509273252863459480e-02 -1.124768779530914281e-01 -7.960220216940067095e-02 2.145935741845110198e-02 1.200189204392924369e-01 -7.185611900264365914e-02 -1.279856305225632596e-01 5.788367260835310113e-02 7.031422244665124595e-04 1.243944038804079555e-01 5.652691391956557454e-02 1.322877974022547420e-01 0.000000000000000000e+00 -2.766004207732404296e-01 2.303259349701437461e-02 -3.072312911718377837e-02 4.001654853634424580e-02 6.017312152060796254e-02 -9.999140342582452101e-02 2.026673389545476933e-01 1.784421618718868008e-01 1.539921922420566247e-01 -3.053362750606528758e-02 -5.844456470291611860e-02 -1.305763918035523705e-02 1.889343040005608265e-01 -1.196033793442190067e-02 -6.995788919161258224e-02 3.910122905378737542e-18 -5.879158582149601742e-02 7.525447367334599236e-02 2.018975742960266440e-01 -6.509273252863459480e-02 -1.124768779530914281e-01 -7.960220216940067095e-02 2.145935741845110198e-02 1.200189204392924369e-01 -7.185611900264365914e-02 -1.279856305225632596e-01 5.788367260835310113e-02 7.031422244665124595e-04 1.243944038804079555e-01 5.652691391956557454e-02 1.322877974022547420e-01 -6.564073869342078593e-01 -2.766004207732404296e-01 2.303259349701437461e-02 -3.072312911718377837e-02 4.001654853634424580e-02 6.017312152060796254e-02 -9.999140342582452101e-02 2.026673389545476933e-01 1.784421618718868008e-01 1.539921922420566247e-01 -3.053362750606528758e-02 -5.844456470291611860e-02 -1.305763918035523705e-02 1.889343040005608265e-01 -1.196033793442190067e-02 -6.995788919161258224e-02 3.910122905378737542e-18 -5.879158582149601742e-02 7.525447367334599236e-02 0.000000000000000000e+00
1.886360012302866485e-01 -6.989888445560933639e-02 1.194157753177466363e-01 -1.275232770785689473e-01 4.568266897250971084e-03 9.662692537092894274e-02 -1.282301978615184579e-01 3.720429917548967458e-02 -6.056696781746528924e-02 8.826247981788230834e-02 1.272403568898347881e-01 1.060007934048872308e-01 -4.019123017290646659e-03 -2.766004207732404296e-01 0.000000000000000000e+00 3.376809607789377915e-02 6.286006515590114585e-02 3.519485255556955433e-02 6.693841879294760121e-03 -3.811237800413197485e-02 2.088547237082975516e-01 1.557267628465031258e-02 4.945662378001999815e-02 -3.764687459081535181e-02 -1.107658732751195668e-01 -2.574390955297083394e-01 3.122783484178325852e-01 4.233526997956840905e-03 -7.865652304565408370e-02 5.879158582149601742e-02 4.697482540402907093e-18 1.778904394959962831e-01 1.886360012302866485e-01 -6.989888445560933639e-02 1.194157753177466363e-01 -1.275232770785689473e-01 4.568266897250971084e-03 9.662692537092894274e-02 -1.282301978615184579e-01 3.720429917548967458e-02 -6.056696781746528924e-02 8.826247981788230834e-02 1.272403568898347881e-01 1.060007934048872308e-01 -4.019123017290646659e-03 -2.766004207732404296e-01 -8.813675526567567031e-01 3.376809607789377915e-02 6.286006515590114585e-02 3.519485255556955433e-02 6.693841879294760121e-03 -3.811237800413197485e-02 2.088547237082975516e-01 1.557267628465031258e-02 4.945662378001999815e-02 -3.764687459081535181e-02 -1.107658732751195668e-01 -2.574390955297083394e-01 3.122783484178325852e-01 4.233526997956840905e-03 -7.865652304565408370e-02 5.879158582149601742e-02 4.697482540402907093e-18 1.778904394959962831e-01 0.000000000000000000e+00
-3.642139989798986316e-02 -4.237239350833892082e-02 3.855010038011234125e-02 5.136437998210845873e-02 -2.676358727050048292e-01 1.857952248902001724e-01 1.730014649810253102e-01 9.217321112248896831e-02 -4.446790978000541433e-02 8.289910613441844878e-02 6.633868716161003820e-02 8.131256940991380203e-03 -1.058851017164130492e-01 2.303259349701437461e-02 3.376809607789377915e-02 0.000000000000000000e+00 9.158965118872360034e-02 -7.109073548827712918e-02 9.925870922952044484e-02 2.615104846151562745e-02 -1.911656142473078801e-01 6.834893145456796826e-02 -9.551755073424086917e-02 1.828581585663179576e-01 1.099047749584402406e-01 -4.630049710701933385e-02 1.519215437497913324e-01 -5.403295566964041487e-03 1.705712975415645261e-01 -7.525447367334597848e-02 -1.778904394959962831e-01 -1.709873709700175390e-19 -3.642139989798986316e-02 -4.237239350833892082e-02 3.855010038011234125e-02 5.136437998210845873e-02 -2.676358727050048292e-01 1.857952248902001724e-01 1.730014649810253102e-01 9.217321112248896831e-02 -4.446790978000541433e-02 8.289910613441844878e-02 6.633868716161003820e-02 8.131256940991380203e-03 -1.058851017164130492e-01 2.303259349701437461e-02 3.376809607789377915e-02 -9.228533079741014777e-01 9.158965118872360034e-02 -7.109073548827712918e-02 9.925870922952044484e-02 2.615104846151562745e-02 -1.911656142473078801e-01 6.834893145456796826e-02 -9.551755073424086917e-02 1.828581585663179576e-01 1.099047749584402406e-01 -4.630049710701933385e-02 1.519215437497913324e-01 -5.403295566964041487e-03 1.705712975415645261e-01 -7.525447367334597848e-02 -1.778904394959962831e-01 -1.709873709700175390e-19 0.000000000000000000e+00
-1.412706133358315648e-17 -1.168028182686644684e-01 1.095355555716141377e-01 1.480514555852000258e-01 -3.788819948987536684e-03 8.533709054673108141e-02 1.955267513493113007e-01 1.070376565800405799e-01 2.838101590969599464e-02 3.591353817095978979e-02 8.287637411517845276e-02 -6.323206173424189558e-02 2.532108696980566176e-01 -3.072312911718377837e-02 6.286006515590114585e-02 9.158965118872360034e-02 0.000000000000000000e+00 -9.608237319163681622e-02 8.682260053552502688e-02 2.542697376123331243e-01 4.747372289290989478e-02 -5.897252636380281854e-02 -1.090821572633233899e-01 9.537524193100071004e-03 -1.573349845908119382e-01 9.204195567451056714e-02 -9.593176664231088668e-02 3.531920487635038103e-02 -4.458669965468799179e-02 2.018975742960266717e-01 1.886360012302865929e-01 -3.642139989798990479e-02 -1.412706133358315648e-17 -1.168028182686644684e-01 1.095355555716141377e-01 1.480514555852000258e-01 -3.788819948987536684e-03 8.533709054673108141e-02 1.955267513493113007e-01 1.070376565800405799e-01 2.838101590969599464e-02 3.591353817095978979e-02 8.287637411517845276e-02 -6.323206173424189558e-02 2.532108696980566176e-01 -3.072312911718377837e-02 6.286006515590114585e-02 9.158965118872360034e-02 -5.952214165364539955e-01 -9.608237319163681622e-02 8.682260053552502688e-02 2.542697376123331243e-01 4.747372289290989478e-02 -5.897252636380281854e-02 -1.090821572633233899e-01 9.537524193100071004e-03 -1.573349845908119382e-01 9.204195567451056714e-02 -9.593176664231088668e-02 3.531920487635038103e-02 -4.458669965468799179e-02 2.018975742960266717e-01 1.886360012302865929e-01 -3.642139989798990479e-02 0.000000000000000000e+00
1.168028182686645239e-01 -1.337265074570535984e-18 -5.622718217495018163e-03 8.781511530721585260e-03 -1.149400184337624337e-01 1.076156578434696864e-01 3.510493641071207871e-02 1.523519496686014385e-01 1.417316259077280038e-01 -1.046208008704294090e-02 4.376394444995734129e-02 1.977448018997685353e-01 6.326731048427562676e-02 4.001654853634424580e-02 3.519485255556955433e-02 -7.109073548827712918e-02 -9.608237319163681622e-02 0.000000000000000000e+00 2.054924264167027059e-01 1.534128411960423988e-01 -9.093271146189529919e-02 -6.123723521918222890e-02 -6.300315184592564233e-02 1.100539353534522174e-01 3.229102348465176520e-02 6.107950076157134950e-02 5.016468107927569975e-02 -1.400029044691279423e-01 8.954146960604224270e-02 -6.509273252863451154e-02 -6.989888445560935026e-02 -4.237239350833890694e-02 1.168028182686645239e-01 -1.337265074570535984e-18 -5.622718217495018163e-03 8.781511530721585260e-03 -1.149400184337624337e-01 1.076156578434696864e-01 3.510493641071207871e-02 1.523519496686014385e-01 1.417316259077280038e-01 -1.046208008704294090e-02 4.376394444995734129e-02 1.977448018997685353e-01 6.326731048427562676e-02 4.001654853634424580e-02 3.519485255556955433e-02 -7.109073548827712918e-02 -9.608237319163681622e-02 -5.713832760148956913e-01 2.054924264167027059e-01 1.534128411960423988e-01 -9.093271146189529919e-02 -6.123723521918222890e-02 -6.300315184592564233e-02 1.100539353534522174e-01 3.229102348465176520e-02 6.107950076157134950e-02 5.016468107927569975e-02 -1.400029044691279423e-01 8.954146960604224270e-02 -6.509273252863451154e-02 -6.989888445560935026e-02 -4.237239350833890694e-02 0.000000000000000000e+00
-1.095355555716141099e-01 5.622718217495006020e-03 1.264250162091333508e-17 2.668244277725770330e-01 -2.032475903463309419e-01 -7.388185886352696685e-02 -2.130712988060984026e-01 -3.202810212707475901e-01 -2.102587975796731679e-01 -7.507094602472143274e-02 -7.498992530085184238e-02 -2.039354857626621831e-01 4.538296461187734526e-02 6.017312152060796254e-02 6.693841879294760121e-03 9.925870922952044484e-02 8.682260053552502688e-02 2.054924264167027059e-01 0.000000000000000000e+00 -3.205348833089903815e-01 -1.340748161259014415e-01 1.972861341395309304e-02 9.682931128616444061e-02 -1.621795733297724806e-02 -1.685532268063680839e-01 -2.193012281047343748e-01 -9.944485944401025568e-02 3.474749286257388520e-02 -4.695078482445429885e-02 -1.124768779530913726e-01 1.194157753177466641e-01 3.855010038011232737e-02 -1.095355555716141099e-01 5.622718217495006020e-03 1.264250162091333508e-17 2.668244277725770330e-01 -2.032475903463309419e-01 -7.388185886352696685e-02 -2.130712988060984026e-01 -3.202810212707475901e-01 -2.102587975796731679e-01 -7.507094602472143274e-02 -7.498992530085184238e-02 -2.039354857626621831e-01 4.538296461187734526e-02 6.017312152060796254e-02 6.693841879294760121e-03 9.925870922952044484e-02 8.682260053552502688e-02 2.054924264167027059e-01 -1.000000000000000000e+00 -3.205348833089903815e-01 -1.340748161259014415e-01 1.972861341395309304e-02 9.682931128616444061e-02 -1.621795733297724806e-02 -1.685532268063680839e-01 -2.193012281047343748e-01 -9.944485944401025568e-02 3.474749286257388520e-02 -4.695078482445429885e-02 -1.124768779530913726e-01 1.194157753177466641e-01 3.855010038011232737e-02 0.000000000000000000e+00
-1.480514555852000258e-01 -8.781511530721586994e-03 -2.668244277725770885e-01 1.579221254835343592e-18 -6.669746632542038201e-02 -2.955139100179765554e-02 -2.700229121945605937e-01 -4.977484669727842009e-02 -1.280996494657808127e-01 -7.011535874430231685e-02 -1.051040497213869551e-01 1.046745382228109862e-04 -1.133593781552458546e-01 -9.999140342582452101e-02 -3.811237800413197485e-02 2.615104846151562745e-02 2.542697376123331243e-01 1.534128411960423988e-01 -3.205348833089903815e-01 0.000000000000000000e+00 1.649796580303346805e-01 7.633953081801421459e-02 3.972766120733480476e-03 2.399274058560454392e-01 -7.395106311053002701e-02 1.181967655079287603e-02 5.389120224117685543e-02 -6.394910321361042815e-02 -2.537534067294391349e-01 -7.960220216940065707e-02 -1.275232770785689473e-01 5.136437998210849343e-02 -1.480514555852000258e-01 -8.781511530721586994e-03 -2.668244277725770885e-01 1.579221254835343592e-18 -6.669746632542038201e-02 -2.955139100179765554e-02 -2.700229121945605937e-01 -4.977484669727842009e-02 -1.280996494657808127e-01 -7.011535874430231685e-02 -1.051040497213869551e-01 1.046745382228109862e-04 -1.133593781552458546e-01 -9.999140342582452101e-02 -3.811237800413197485e-02 2.615104846151562745e-02 2.542697376123331243e-01 1.534128411960423988e-01 -3.205348833089903815e-01 -7.954765814242570343e-01 1.649796580303346805e-01 7.633953081801421459e-02 3.972766120733480476e-03 2.399274058560454392e-01 -7.395106311053002701e-02 1.181967655079287603e-02 5.389120224117685543e-02 -6.394910321361042815e-02 -2.537534067294391349e-01 -7.960220216940065707e-02 -1.275232770785689473e-01 5.136437998210849343e-02 0.000000000000000000e+00
3.788819948987542756e-03 1.149400184337624753e-01 2.032475903463309141e-01 6.669746632542040976e-02 -9.565804808018309823e-19 8.511749563977083488e-02 1.471620513276173103e-01 5.886807880675173216e-02 6.278535232539616054e-03 -4.272946320961550320e-04 -1.130641041815085290e-01 -1.400276905939745742e-01 -1.392530899930585764e-01 2.026673389545476933e-01 2.088547237082975516e-01 -1.911656142473078801e-01 4.747372289290989478e-02 -9.093271146189529919e-02 -1.340748161259014415e-01 1.649796580303346805e-01 0.000000000000000000e+00 -1.042038267271401530e-01 5.119093639081383901e-02 1.172916815436348542e-02 -5.145225947135882022e-02 -1.048699981152518938e-02 -8.848371585452034782e-02 -7.552172681536617471e-02 4.573640916359961173e-02 2.145935741845108810e-02 4.568266897250972819e-03 -2.676358727050048292e-01 3.788819948987542756e-03 1.149400184337624753e-01 2.032475903463309141e-01 6.669746632542040976e-02 -9.565804808018309823e-19 8.511749563977083488e-02 1.471620513276173103e-01 5.886807880675173216e-02 6.278535232539616054e-03 -4.272946320961550320e-04 -1.130641041815085290e-01 -1.400276905939745742e-01 -1.392530899930585764e-01 2.026673389545476933e-01 2.088547237082975516e-01 -1.911656142473078801e-01 4.747372289290989478e-02 -9.093271146189529919e-02 -1.340748161259014415e-01 1.649796580303346805e-01 -6.606980601540152209e-01 -1.042038267271401530e-01 5.119093639081383901e-02 1.172916815436348542e-02 -5.145225947135882022e-02 -1.048699981152518938e-02 -8.848371585452034782e-02 -7.552172681536617471e-02 4.573640916359961173e-02 2.145935741845108810e-02 4.568266897250972819e-03 -2.676358727050048292e-01 0.000000000000000000e+00
-8.533709054673106753e-02 -1.076156578434696864e-01 7.388185886352703624e-02 2.955139100179765901e-02 -8.511749563977082100e-02 -1.626594833730438481e-18 -1.357201398636866986e-02 1.295854226713292383e-03 -3.397797636376027192e-02 -2.249083670342770791e-01 -4.119731019929982058e-02 -1.615668933978563759e-01 -2.109795434990953053e-02 1.784421618718868008e-01 1.557267628465031258e-02 6.834893145456796826e-02 -5.897252636380281854e-02 -6.123723521918222890e-02 1.972861341395309304e-02 7.633953081801421459e-02 -1.042038267271401530e-01 0.000000000000000000e+00 -7.086199619102755143e-02 -2.009438393839485526e-01 -1.591395511658232412e-02 -1.203177736751871556e-02 -6.766123458133713187e-02 8.896841862333178252e-02 3.906826553487411507e-02 1.200189204392924369e-01 9.662692537092897049e-02 1.857952248902001724e-01 -8.533709054673106753e-02 -1.076156578434696864e-01 7.388185886352703624e-02 2.955139100179765901e-02 -8.511749563977082100e-02 -1.626594833730438481e-18 -1.357201398636866986e-02 1.295854226713292383e-03 -3.397797636376027192e-02 -2.249083670342770791e-01 -4.119731019929982058e-02 -1.615668933978563759e-01 -2.109795434990953053e-02 1.784421618718868008e-01 1.557267628465031258e-02 6.834893145456796826e-02 -5.897252636380281854e-02 -6.123723521918222890e-02 1.972861341395309304e-02 7.633953081801421459e-02 -1.042038267271401530e-01 -7.692500213950241861e-01 -7.086199619102755143e-02 -2.009438393839485526e-01 -1.591395511658232412e-02 -1.203177736751871556e-02 -6.766123458133713187e-02 8.896841862333178252e-02 3.906826553487411507e-02 1.200189204392924369e-01 9.662692537092897049e-02 1.857952248902001724e-01 0.000000000000000000e+00
-1.955267513493113840e-01 -3.510493641071206483e-02 2.130712988060984026e-01 2.700229121945606492e-01 -1.471620513276173381e-01 1.357201398636865078e-02 -1.070953510481891918e-18 1.327537094008293117e-01 1.248498188390720354e-01 -9.922241761973475682e-03 3.775814545858875715e-02 4.903899554480554979e-02 8.944775823398791459e-02 1.539921922420566247e-01 4.945662378001999815e-02 -9.551755073424086917e-02 -1.090821572633233899e-01 -6.300315184592564233e-02 9.682931128616444061e-02 3.972766120733480476e-03 5.119093639081383901e-02 -7.086199619102755143e-02 0.000000000000000000e+00 -1.383945201395074265e-01 -6.962490757278161357e-02 3.497980968744865285e-04 -7.817502636076662306e-03 6.954233815859975354e-02 1.331181838180187267e-02 -7.185611900264368690e-02 -1.282301978615184856e-01 1.730014649810253657e-01 -1.955267513493113840e-01 -3.510493641071206483e-02 2.130712988060984026e-01 2.700229121945606492e-01 -1.471620513276173381e-01 1.357201398636865078e-02 -1.070953510481891918e-18 1.327537094008293117e-01 1.248498188390720354e-01 -9.922241761973475682e-03 3.775814545858875715e-02 4.903899554480554979e-02 8.944775823398791459e-02 1.539921922420566247e-01 4.945662378001999815e-02 -9.551755073424086917e-02 -1.090821572633233899e-01 -6.300315184592564233e-02 9.682931128616444061e-02 3.972766120733480476e-03 5.119093639081383901e-02 -7.086199619102755143e-02 -6.338028711753653788e-01 -1.383945201395074265e-01 -6.962490757278161357e-02 3.497980968744865285e-04 -7.817502636076662306e-03 6.954233815859975354e-02 1.331181838180187267e-02 -7.185611900264368690e-02 -1.282301978615184856e-01 1.730014649810253657e-01 0.000000000000000000e+00
-1.070376565800405660e-01 -1.523519496686015218e-01 3.202810212707477011e-01 4.977484669727838540e-02 -5.886807880675165583e-02 -1.295854226713281324e-03 -1.327537094008293395e-01 -7.380872620705312030e-18 -2.246691509873650558e-02 2.252587843362167663e-01 -1.411699013108242418e-01 -1.938297426683163460e-01 -6.289874969105434255e-02 -3.053362750606528758e-02 -3.764687459081535181e-02 1.828581585663179576e-01 9.537524193100071004e-03 1.100539353534522174e-01 -1.621795733297724806e-02 2.399274058560454392e-01 1.172916815436348542e-02 -2.009438393839485526e-01 -1.383945201395074265e-01 0.000000000000000000e+00 -1.432996294418973637e-01 -2.016944955206013967e-02 -2.686882983590332952e-02 -9.122344723471403558e-03 -2.686150731617388543e-02 -1.279856305225632596e-01 3.720429917548968846e-02 9.217321112248902382e-02 -1.070376565800405660e-01 -1.523519496686015218e-01 3.202810212707477011e-01 4.977484669727838540e-02 -5.886807880675165583e-02 -1.295854226713281324e-03 -1.327537094008293395e-01 -7.380872620705312030e-18 -2.246691509873650558e-02 2.252587843362167663e-01 -1.411699013108242418e-01 -1.938297426683163460e-01 -6.289874969105434255e-02 -3.053362750606528758e-02 -3.764687459081535181e-02 1.828581585663179576e-01 9.537524193100071004e-03 1.100539353534522174e-01 -1.621795733297724806e-02 2.399274058560454392e-01 1.172916815436348542e-02 -2.009438393839485526e-01 -1.383945201395074265e-01 -8.635932947290793082e-01 -1.432996294418973637e-01 -2.016944955206013967e-02 -2.686882983590332952e-02 -9.122344723471403558e-03 -2.686150731617388543e-02 -1.279856305225632596e-01 3.720429917548968846e-02 9.217321112248902382e-02 0.000000000000000000e+00
