0.000000000000000000e+00 1.231895660034895354e-02 1.478678097115981027e-01 2.900332486240638288e-02 2.825441397905302521e-02 -6.680884174147037717e-03 -1.550410885273832418e-01 1.306986141664084888e-01 -4.001247826977758631e-02 7.768577022233780216e-02 2.091208775807998008e-02 8.933077936206661185e-02 9.949271875858833880e-02 3.348096262212330032e-02 -3.545459723060192386e-02 -6.909626671743433757e-02 6.475272197674081740e-18 -4.196919156930160877e-02 1.568757724527861802e-03 1.208713275700108586e-01 9.593691880858356419e-03 8.371066082530610741e-02 3.335874187857531398e-02 -9.510300599096488741e-03 -1.335037874712478312e-01 -3.846450958508145640e-02 4.710182720921495675e-02 5.827378118000862972e-02 5.142017384869137370e-02 1.150986070293212246e-02 9.278753606599163956e-03 -1.327786510647516703e-02 -3.164642284370042247e-01 1.231895660034895354e-02 1.478678097115981027e-01 2.900332486240638288e-02 2.825441397905302521e-02 -6.680884174147037717e-03 -1.550410885273832418e-01 1.306986141664084888e-01 -4.001247826977758631e-02 7.768577022233780216e-02 2.091208775807998008e-02 8.933077936206661185e-02 9.949271875858833880e-02 3.348096262212330032e-02 -3.545459723060192386e-02 -6.909626671743433757e-02 6.475272197674081740e-18 -4.196919156930160877e-02 1.568757724527861802e-03 1.208713275700108586e-01 9.593691880858356419e-03 8.371066082530610741e-02 3.335874187857531398e-02 -9.510300599096488741e-03 -1.335037874712478312e-01 -3.846450958508145640e-02 4.710182720921495675e-02 5.827378118000862972e-02 5.142017384869137370e-02 1.150986070293212246e-02 9.278753606599163956e-03 -1.327786510647516703e-02 0.000000000000000000e+00
1.231895660034895354e-02 0.000000000000000000e+00 3.123548863882972051e-02 9.969792757747800160e-02 -8.382077733730770863e-02 1.773939221104345598e-01 -8.975409263184101760e-02 -4.044156314790735285e-02 4.821656977848294556e-02 -5.439648249065041213e-02 -2.177353956296908949e-02 1.236114817026472690e-01 2.591846959988810054e-02 -2.423595892233458907e-02 4.795405450829685889e-02 3.686750537103886116e-02 4.196919156930160183e-02 -9.153154583440520234e-18 2.330072319171270501e-01 -3.986612914462660251e-02 -5.306288837766866273e-02 -1.034719656009849553e-01 -1.044029507669428092e-01 2.019653217514309207e-01 -3.051871141863338188e-02 -5.583294273802254888e-04 -3.033524944751789937e-02 -3.245203503554805469e-01 6.817147708395932589e-04 1.548806566210801303e-02 6.222894356111090958e-02 -4.888931301459579354e-02 1.231895660034895354e-02 -6.421090660527017935e-01 3.123548863882972051e-02 9.969792757747800160e-02 -8.382077733730770863e-02 1.773939221104345598e-01 -8.975409263184101760e-02 -4.044156314790735285e-02 4.821656977848294556e-02 -5.439648249065041213e-02 -2.177353956296908949e-02 1.236114817026472690e-01 2.591846959988810054e-02 -2.423595892233458907e-02 4.795405450829685889e-02 3.686750537103886116e-02 4.196919156930160183e-02 -9.153154583440520234e-18 2.330072319171270501e-01 -3.986612914462660251e-02 -5.306288837766866273e-02 -1.034719656009849553e-01 -1.044029507669428092e-01 2.019653217514309207e-01 -3.051871141863338188e-02 -5.583294273802254888e-04 -3.033524944751789937e-02 -3.245203503554805469e-01 6.817147708395932589e-04 1.548806566210801303e-02 6.222894356111090958e-02 -4.888931301459579354e-02 0.000000000000000000e+00
1.478678097115981027e-01 3.123548863882972051e-02 0.000000000000000000e+00 4.721099164100620721e-02 2.023474653705746307e-01 -7.576751957608961197e-02 1.663601812518855916e-01 -1.762016869529079155e-01 -2.438944586666788941e-02 -4.807394423351054463e-02 4.951810546824653159e-02 1.738924528199163044e-01 -1.491313012636697952e-02 3.101243664191681570e-02 -1.413700456159762697e-01 4.980791562726503280e-02 -1.568757724527862236e-03 -2.330072319171270778e-01 -1.076394730807127661e-17 -1.161463539742445122e-01 -6.293884955729954489e-02 3.810965506707088973e-02 7.384707358325259818e-02 3.316000908030244249e-02 8.343204666973104422e-02 -1.632443779907943315e-01 -6.972142370424913582e-02 1.653075287009089511e-01 1.009919395020834471e-01 -1.379673870018024518e-03 2.835411301076949317e-03 4.484282312598901477e-02 1.478678097115981027e-01 3.123548863882972051e-02 -6.737707588908432577e-01 4.721099164100620721e-02 2.023474653705746307e-01 -7.576751957608961197e-02 1.663601812518855916e-01 -1.762016869529079155e-01 -2.438944586666788941e-02 -4.807394423351054463e-02 4.951810546824653159e-02 1.738924528199163044e-01 -1.491313012636697952e-02 3.101243664191681570e-02 -1.413700456159762697e-01 4.980791562726503280e-02 -1.568757724527862236e-03 -2.330072319171270778e-01 -1.076394730807127661e-17 -1.161463539742445122e-01 -6.293884955729954489e-02 3.810965506707088973e-02 7.384707358325259818e-02 3.316000908030244249e-02 8.343204666973104422e-02 -1.632443779907943315e-01 -6.972142370424913582e-02 1.653075287009089511e-01 1.009919395020834471e-01 -1.379673870018024518e-03 2.835411301076949317e-03 4.484282312598901477e-02 0.000000000000000000e+00
2.900332486240638288e-02 9.969792757747800160e-02 4.721099164100620721e-02 0.000000000000000000e+00 -3.268291930216161989e-02 -1.465164557464302408e-01 -6.011840371269595168e-02 -1.455608925600911374e-01 1.426383193075702882e-01 -1.008546617032248099e-01 -1.205032083812567628e-01 -7.034809975997276255e-02 -4.095538116861777329e-03 5.736187143615963102e-02 4.614217947813512022e-02 -4.598610818475126066e-02 -1.208713275700109002e-01 3.986612914462661639e-02 1.161463539742445400e-01 6.796939679426283078e-18 -3.120520096668054702e-02 5.365343172823510559e-02 -9.272603300745711763e-02 1.207282737753918589e-01 -4.687933053967795888e-02 -8.886085497368008401e-02 -8.439259701643511691e-02 2.115455566004010440e-02 7.205983617355798954e-02 -8.392472092554822960e-02 1.672169030110387880e-02 -6.319805769939747242e-02 2.900332486240638288e-02 9.969792757747800160e-02 4.721099164100620721e-02 -5.583849158996413431e-01 -3.268291930216161989e-02 -1.465164557464302408e-01 -6.011840371269595168e-02 -1.455608925600911374e-01 1.426383193075702882e-01 -1.008546617032248099e-01 -1.205032083812567628e-01 -7.034809975997276255e-02 -4.095538116861777329e-03 5.736187143615963102e-02 4.614217947813512022e-02 -4.598610818475126066e-02 -1.208713275700109002e-01 3.986612914462661639e-02 1.161463539742445400e-01 6.796939679426283078e-18 -3.120520096668054702e-02 5.365343172823510559e-02 -9.272603300745711763e-02 1.207282737753918589e-01 -4.687933053967795888e-02 -8.886085497368008401e-02 -8.439259701643511691e-02 2.115455566004010440e-02 7.205983617355798954e-02 -8.392472092554822960e-02 1.672169030110387880e-02 -6.319805769939747242e-02 0.000000000000000000e+00
2.825441397905302521e-02 -8.382077733730770863e-02 2.023474653705746307e-01 -3.268291930216161989e-02 0.000000000000000000e+00 1.270998328168011504e-01 6.590072950989143974e-02 5.058617303321372161e-02 -1.182049180124979983e-02 -5.688490708660406958e-02 6.103924023021767287e-02 -3.236762631996223383e-03 -1.357333699955750317e-01 -4.617131123398752340e-02 2.534429178817161898e-01 9.010046555262787860e-02 -9.593691880858372031e-03 5.306288837766866967e-02 6.293884955729954489e-02 3.120520096668052967e-02 1.011413056553619021e-17 1.593251153336766313e-01 -4.411981426123694205e-02 7.855795278474171639e-02 -6.910435347149936547e-05 2.484052674072438072e-01 1.136985827923169406e-01 -2.974764381471926566e-01 -4.639754392213359807e-02 -6.299433609466870143e-02 1.156042843487819355e-01 -2.423240908631112689e-01 2.825441397905302521e-02 -8.382077733730770863e-02 2.023474653705746307e-01 -3.268291930216161989e-02 -5.663728837223522827e-01 1.270998328168011504e-01 6.590072950989143974e-02 5.058617303321372161e-02 -1.182049180124979983e-02 -5.688490708660406958e-02 6.103924023021767287e-02 -3.236762631996223383e-03 -1.357333699955750317e-01 -4.617131123398752340e-02 2.534429178817161898e-01 9.010046555262787860e-02 -9.593691880858372031e-03 5.306288837766866967e-02 6.293884955729954489e-02 3.120520096668052967e-02 1.011413056553619021e-17 1.593251153336766313e-01 -4.411981426123694205e-02 7.855795278474171639e-02 -6.910435347149936547e-05 2.484052674072438072e-01 1.136985827923169406e-01 -2.974764381471926566e-01 -4.639754392213359807e-02 -6.299433609466870143e-02 1.156042843487819355e-01 -2.423240908631112689e-01 0.000000000000000000e+00
-6.680884174147037717e-03 1.773939221104345598e-01 -7.576751957608961197e-02 -1.465164557464302408e-01 1.270998328168011504e-01 0.000000000000000000e+00 6.927031277287984401e-02 -1.931583170954855044e-02 4.693909866770345357e-02 -8.615659928710932280e-03 -1.173576195189000304e-01 8.320356482157614808e-02 2.883722943606712441e-01 3.825564983223905119e-02 -9.181801191221446168e-02 1.403486386923581963e-01 -8.371066082530613517e-02 1.034719656009849414e-01 -3.810965506707088279e-02 -5.365343172823509171e-02 -1.593251153336766868e-01 1.689758183665667491e-17 7.632436910357268123e-02 7.181645652931886725e-02 1.937751361814589457e-02 -5.492286651458729713e-03 3.826866613733431038e-02 -1.319261980536173551e-01 -6.514477453247566330e-02 -5.620983133726862452e-02 9.609230728090953702e-03 1.064238905607680780e-01 -6.680884174147037717e-03 1.773939221104345598e-01 -7.576751957608961197e-02 -1.465164557464302408e-01 1.270998328168011504e-01 -7.321257886518207636e-01 6.927031277287984401e-02 -1.931583170954855044e-02 4.693909866770345357e-02 -8.615659928710932280e-03 -1.173576195189000304e-01 8.320356482157614808e-02 2.883722943606712441e-01 3.825564983223905119e-02 -9.181801191221446168e-02 1.403486386923581963e-01 -8.371066082530613517e-02 1.034719656009849414e-01 -3.810965506707088279e-02 -5.365343172823509171e-02 -1.593251153336766868e-01 1.689758183665667491e-17 7.632436910357268123e-02 7.181645652931886725e-02 1.937751361814589457e-02 -5.492286651458729713e-03 3.826866613733431038e-02 -1.319261980536173551e-01 -6.514477453247566330e-02 -5.620983133726862452e-02 9.609230728090953702e-03 1.064238905607680780e-01 0.000000000000000000e+00
-1.550410885273832418e-01 -8.975409263184101760e-02 1.663601812518855916e-01 -6.011840371269595168e-02 6.590072950989143974e-02 6.927031277287984401e-02 0.000000000000000000e+00 5.313643538282143697e-02 3.648344602443137630e-02 -6.022187422977594295e-02 -2.782012494148741397e-02 -1.326636248231680970e-01 6.800048995988430822e-02 3.405297172124278904e-02 8.492220215155944774e-02 -8.287896111855357073e-02 -3.335874187857533479e-02 1.044029507669427953e-01 -7.384707358325263982e-02 9.272603300745707600e-02 4.411981426123694899e-02 -7.632436910357270898e-02 1.648233618419131906e-17 5.264982203083891366e-02 -5.567860937367721808e-02 1.558731075649348596e-01 2.584145491365271927e-02 1.204936431723100387e-01 -3.457103549684063803e-02 1.381025559892534726e-01 1.453835881025639098e-01 9.005451650856770296e-02 -1.550410885273832418e-01 -8.975409263184101760e-02 1.663601812518855916e-01 -6.011840371269595168e-02 6.590072950989143974e-02 6.927031277287984401e-02 -6.540253121445577245e-01 5.313643538282143697e-02 3.648344602443137630e-02 -6.022187422977594295e-02 -2.782012494148741397e-02 -1.326636248231680970e-01 6.800048995988430822e-02 3.405297172124278904e-02 8.492220215155944774e-02 -8.287896111855357073e-02 -3.335874187857533479e-02 1.044029507669427953e-01 -7.384707358325263982e-02 9.272603300745707600e-02 4.411981426123694899e-02 -7.632436910357270898e-02 1.648233618419131906e-17 5.264982203083891366e-02 -5.567860937367721808e-02 1.558731075649348596e-01 2.584145491365271927e-02 1.204936431723100387e-01 -3.457103549684063803e-02 1.381025559892534726e-01 1.453835881025639098e-01 9.005451650856770296e-02 0.000000000000000000e+00
1.306986141664084888e-01 -4.044156314790735285e-02 -1.762016869529079155e-01 -1.455608925600911374e-01 5.058617303321372161e-02 -1.931583170954855044e-02 5.313643538282143697e-02 0.000000000000000000e+00 -6.051890105638159552e-03 -8.418839178033704629e-02 -1.014825626888108366e-02 1.911149631105368840e-01 -2.983916685990439452e-02 2.058109891118374279e-01 8.107964536767884103e-03 -9.914300803402312234e-02 9.510300599096488741e-03 -2.019653217514308652e-01 -3.316000908030244249e-02 -1.207282737753918866e-01 -7.855795278474167476e-02 -7.181645652931886725e-02 -5.264982203083892059e-02 2.001852855860706219e-18 7.432643652786154187e-02 -6.070290658484486790e-02 -1.043857682997106628e-01 -7.505417515610373312e-03 -6.966123854164897600e-02 -2.299057425295599269e-02 2.193968357778304512e-02 -6.865673881825420932e-02 1.306986141664084888e-01 -4.044156314790735285e-02 -1.762016869529079155e-01 -1.455608925600911374e-01 5.058617303321372161e-02 -1.931583170954855044e-02 5.313643538282143697e-02 -4.388105356925894873e-01 -6.051890105638159552e-03 -8.418839178033704629e-02 -1.014825626888108366e-02 1.911149631105368840e-01 -2.983916685990439452e-02 2.058109891118374279e-01 8.107964536767884103e-03 -9.914300803402312234e-02 9.510300599096488741e-03 -2.019653217514308652e-01 -3.316000908030244249e-02 -1.207282737753918866e-01 -7.855795278474167476e-02 -7.181645652931886725e-02 -5.264982203083892059e-02 2.001852855860706219e-18 7.432643652786154187e-02 -6.070290658484486790e-02 -1.043857682997106628e-01 -7.505417515610373312e-03 -6.966123854164897600e-02 -2.299057425295599269e-02 2.193968357778304512e-02 -6.865673881825420932e-02 0.000000000000000000e+00
-4.001247826977758631e-02 4.821656977848294556e-02 -2.438944586666788941e-02 1.426383193075702882e-01 -1.182049180124979983e-02 4.693909866770345357e-02 3.648344602443137630e-02 -6.051890105638159552e-03 0.000000000000000000e+00 -1.312909061714949421e-02 7.247229633570860530e-02 1.020846806388911038e-01 -9.934001322018461144e-02 1.520466729616733459e-01 1.037320020548143373e-01 -3.666853977531541603e-02 1.335037874712477479e-01 3.051871141863338535e-02 -8.343204666973105810e-02 4.687933053967796582e-02 6.910435347148978383e-05 -1.937751361814589110e-02 5.567860937367725971e-02 -7.432643652786151411e-02 -2.488024671361534018e-18 -1.151745911673392603e-01 -4.314598124242323418e-02 -1.733240847419549036e-01 1.456214624103526201e-01 -8.196684914800238253e-02 1.025051299266689780e-01 -7.229431622696966264e-02 -4.001247826977758631e-02 4.821656977848294556e-02 -2.438944586666788941e-02 1.426383193075702882e-01 -1.182049180124979983e-02 4.693909866770345357e-02 3.648344602443137630e-02 -6.051890105638159552e-03 -4.956233170289882084e-01 -1.312909061714949421e-02 7.247229633570860530e-02 1.020846806388911038e-01 -9.934001322018461144e-02 1.520466729616733459e-01 1.037320020548143373e-01 -3.666853977531541603e-02 1.335037874712477479e-01 3.051871141863338535e-02 -8.343204666973105810e-02 4.687933053967796582e-02 6.910435347148978383e-05 -1.937751361814589110e-02 5.567860937367725971e-02 -7.432643652786151411e-02 -2.488024671361534018e-18 -1.151745911673392603e-01 -4.314598124242323418e-02 -1.733240847419549036e-01 1.456214624103526201e-01 -8.196684914800238253e-02 1.025051299266689780e-01 -7.229431622696966264e-02 0.000000000000000000e+00
7.768577022233780216e-02 -5.439648249065041213e-02 -4.807394423351054463e-02 -1.008546617032248099e-01 -5.688490708660406958e-02 -8.615659928710932280e-03 -6.022187422977594295e-02 -8.418839178033704629e-02 -1.312909061714949421e-02 0.000000000000000000e+00 -1.160035666458292120e-01 -5.222585279231931055e-03 1.815144199464685248e-01 3.789499771608640516e-02 -9.793168393055148857e-02 2.046320048614107961e-02 3.846450958508143558e-02 5.583294273802228867e-04 1.632443779907943038e-01 8.886085497368007013e-02 -2.484052674072437794e-01 5.492286651458764407e-03 -1.558731075649348319e-01 6.070290658484486096e-02 1.151745911673392603e-01 6.958453855305668778e-18 1.351159705434755165e-01 -1.134479542137852015e-01 -3.824910978052068616e-02 -3.894007488015483603e-02 1.333423017886450901e-01 -1.323281923354519734e-03 7.768577022233780216e-02 -5.439648249065041213e-02 -4.807394423351054463e-02 -1.008546617032248099e-01 -5.688490708660406958e-02 -8.615659928710932280e-03 -6.022187422977594295e-02 -8.418839178033704629e-02 -1.312909061714949421e-02 -8.583047731115740486e-01 -1.160035666458292120e-01 -5.222585279231931055e-03 1.815144199464685248e-01 3.789499771608640516e-02 -9.793168393055148857e-02 2.046320048614107961e-02 3.846450958508143558e-02 5.583294273802228867e-04 1.632443779907943038e-01 8.886085497368007013e-02 -2.484052674072437794e-01 5.492286651458764407e-03 -1.558731075649348319e-01 6.070290658484486096e-02 1.151745911673392603e-01 6.958453855305668778e-18 1.351159705434755165e-01 -1.134479542137852015e-01 -3.824910978052068616e-02 -3.894007488015483603e-02 1.333423017886450901e-01 -1.323281923354519734e-03 0.000000000000000000e+00
2.091208775807998008e-02 -2.177353956296908949e-02 4.951810546824653159e-02 -1.205032083812567628e-01 6.103924023021767287e-02 -1.173576195189000304e-01 -2.782012494148741397e-02 -1.014825626888108366e-02 7.247229633570860530e-02 -1.160035666458292120e-01 0.000000000000000000e+00 1.411449402250073426e-01 1.596634606578087312e-01 2.470274151984928196e-02 7.034295860663634936e-02 4.716175921544385474e-02 -4.710182720921494981e-02 3.033524944751789590e-02 6.972142370424914970e-02 8.439259701643513079e-02 -1.136985827923169684e-01 -3.826866613733430345e-02 -2.584145491365272621e-02 1.043857682997106628e-01 4.314598124242323418e-02 -1.351159705434755165e-01 -1.547930670172210117e-18 -7.197163731692074462e-02 3.672905369652944979e-02 -2.156859683529623387e-02 -1.050686987871973267e-02 1.871212419007160510e-01 2.091208775807998008e-02 -2.177353956296908949e-02 4.951810546824653159e-02 -1.205032083812567628e-01 6.103924023021767287e-02 -1.173576195189000304e-01 -2.782012494148741397e-02 -1.014825626888108366e-02 7.247229633570860530e-02 -1.160035666458292120e-01 -3.292325763493139656e-01 1.411449402250073426e-01 1.596634606578087312e-01 2.470274151984928196e-02 7.034295860663634936e-02 4.716175921544385474e-02 -4.710182720921494981e-02 3.033524944751789590e-02 6.972142370424914970e-02 8.439259701643513079e-02 -1.136985827923169684e-01 -3.826866613733430345e-02 -2.584145491365272621e-02 1.043857682997106628e-01 4.314598124242323418e-02 -1.351159705434755165e-01 -1.547930670172210117e-18 -7.197163731692074462e-02 3.672905369652944979e-02 -2.156859683529623387e-02 -1.050686987871973267e-02 1.871212419007160510e-01 0.000000000000000000e+00
8.933077936206661185e-02 1.236114817026472690e-01 1.738924528199163044e-01 -7.034809975997276255e-02 -3.236762631996223383e-03 8.320356482157614808e-02 -1.326636248231680970e-01 1.911149631105368840e-01 1.020846806388911038e-01 -5.222585279231931055e-03 1.411449402250073426e-01 0.000000000000000000e+00 -7.921866501194653465e-02 -1.329380293851249728e-01 3.044076912192503551e-02 -1.574576449358902064e-01 -5.827378118000864360e-02 3.245203503554804914e-01 -1.653075287009090066e-01 -2.115455566004011828e-02 2.974764381471926011e-01 1.319261980536173551e-01 -1.204936431723099832e-01 7.505417515610365506e-03 1.733240847419548758e-01 1.134479542137852154e-01 7.197163731692074462e-02 1.545931177450351259e-18 -4.646793480632411405e-02 -2.805064196603950302e-02 -2.426780539585764451e-01 4.436366236020256038e-02 8.933077936206661185e-02 1.236114817026472690e-01 1.738924528199163044e-01 -7.034809975997276255e-02 -3.236762631996223383e-03 8.320356482157614808e-02 -1.326636248231680970e-01 1.911149631105368840e-01 1.020846806388911038e-01 -5.222585279231931055e-03 1.411449402250073426e-01 -9.999999999999997780e-01 -7.921866501194653465e-02 -1.329380293851249728e-01 3.044076912192503551e-02 -1.574576449358902064e-01 -5.827378118000864360e-02 3.245203503554804914e-01 -1.653075287009090066e-01 -2.115455566004011828e-02 2.974764381471926011e-01 1.319261980536173551e-01 -1.204936431723099832e-01 7.505417515610365506e-03 1.733240847419548758e-01 1.134479542137852154e-01 7.197163731692074462e-02 1.545931177450351259e-18 -4.646793480632411405e-02 -2.805064196603950302e-02 -2.426780539585764451e-01 4.436366236020256038e-02 0.000000000000000000e+00
9.949271875858833880e-02 2.591846959988810054e-02 -1.491313012636697952e-02 -4.095538116861777329e-03 -1.357333699955750317e-01 2.883722943606712441e-01 6.800048995988430822e-02 -2.983916685990439452e-02 -9.934001322018461144e-02 1.815144199464685248e-01 1.596634606578087312e-01 -7.921866501194653465e-02 0.000000000000000000e+00 8.765803837844865498e-02 4.593234599244948313e-02 -1.178013614334816744e-01 -5.142017384869136676e-02 -6.817147708395798148e-04 -1.009919395020835026e-01 -7.205983617355804505e-02 4.639754392213361195e-02 6.514477453247566330e-02 3.457103549684063110e-02 6.966123854164896212e-02 -1.456214624103525923e-01 3.824910978052067922e-02 -3.672905369652946367e-02 4.646793480632412099e-02 1.424695947415140270e-17 -1.651376966889511466e-01 -5.557459883831216384e-03 -1.480661460625037618e-01 9.949271875858833880e-02 2.591846959988810054e-02 -1.491313012636697952e-02 -4.095538116861777329e-03 -1.357333699955750317e-01 2.883722943606712441e-01 6.800048995988430822e-02 -2.983916685990439452e-02 -9.934001322018461144e-02 1.815144199464685248e-01 1.596634606578087312e-01 -7.921866501194653465e-02 -7.212083167726308641e-01 8.765803837844865498e-02 4.593234599244948313e-02 -1.178013614334816744e-01 -5.142017384869136676e-02 -6.817147708395798148e-04 -1.009919395020835026e-01 -7.205983617355804505e-02 4.639754392213361195e-02 6.514477453247566330e-02 3.457103549684063110e-02 6.966123854164896212e-02 -1.456214624103525923e-01 3.824910978052067922e-02 -3.672905369652946367e-02 4.646793480632412099e-02 1.424695947415140270e-17 -1.651376966889511466e-01 -5.557459883831216384e-03 -1.480661460625037618e-01 0.000000000000000000e+00
3.348096262212330032e-02 -2.423595892233458907e-02 3.101243664191681570e-02 5.736187143615963102e-02 -4.617131123398752340e-02 3.825564983223905119e-02 3.405297172124278904e-02 2.058109891118374279e-01 1.520466729616733459e-01 3.789499771608640516e-02 2.470274151984928196e-02 -1.329380293851249728e-01 8.765803837844865498e-02 0.000000000000000000e+00 -1.353579356330772698e-01 -2.269277712143921624e-03 -1.150986070293211032e-02 -1.548806566210800088e-02 1.379673870018011290e-03 8.392472092554821572e-02 6.299433609466868755e-02 5.620983133726863840e-02 -1.381025559892535004e-01 2.299057425295599963e-02 8.196684914800235477e-02 3.894007488015483603e-02 2.156859683529623734e-02 2.805064196603942323e-02 1.651376966889510911e-01 1.745831713727206343e-18 2.019972033210426249e-03 6.127149897906700865e-02 3.348096262212330032e-02 -2.423595892233458907e-02 3.101243664191681570e-02 5.736187143615963102e-02 -4.617131123398752340e-02 3.825564983223905119e-02 3.405297172124278904e-02 2.058109891118374279e-01 1.520466729616733459e-01 3.789499771608640516e-02 2.470274151984928196e-02 -1.329380293851249728e-01 8.765803837844865498e-02 -4.678938030730560582e-01 -1.353579356330772698e-01 -2.269277712143921624e-03 -1.150986070293211032e-02 -1.548806566210800088e-02 1.379673870018011290e-03 8.392472092554821572e-02 6.299433609466868755e-02 5.620983133726863840e-02 -1.381025559892535004e-01 2.299057425295599963e-02 8.196684914800235477e-02 3.894007488015483603e-02 2.156859683529623734e-02 2.805064196603942323e-02 1.651376966889510911e-01 1.745831713727206343e-18 2.019972033210426249e-03 6.127149897906700865e-02 0.000000000000000000e+00
-3.545459723060192386e-02 4.795405450829685889e-02 -1.413700456159762697e-01 4.614217947813512022e-02 2.534429178817161898e-01 -9.181801191221446168e-02 8.492220215155944774e-02 8.107964536767884103e-03 1.037320020548143373e-01 -9.793168393055148857e-02 7.034295860663634936e-02 3.044076912192503551e-02 4.593234599244948313e-02 -1.353579356330772698e-01 0.000000000000000000e+00 -1.928331082635205678e-03 -9.278753606599163956e-03 -6.222894356111086794e-02 -2.835411301076957557e-03 -1.672169030110390309e-02 -1.156042843487819632e-01 -9.609230728090951967e-03 -1.453835881025638821e-01 -2.193968357778301390e-02 -1.025051299266689780e-01 -1.333423017886450623e-01 1.050686987871973094e-02 2.426780539585763896e-01 5.557459883831227659e-03 -2.019972033210454439e-03 -1.606053130035430346e-18 6.690749791257312451e-02 -3.545459723060192386e-02 4.795405450829685889e-02 -1.413700456159762697e-01 4.614217947813512022e-02 2.534429178817161898e-01 -9.181801191221446168e-02 8.492220215155944774e-02 8.107964536767884103e-03 1.037320020548143373e-01 -9.793168393055148857e-02 7.034295860663634936e-02 3.044076912192503551e-02 4.593234599244948313e-02 -1.353579356330772698e-01 -4.613651478729270394e-01 -1.928331082635205678e-03 -9.278753606599163956e-03 -6.222894356111086794e-02 -2.835411301076957557e-03 -1.672169030110390309e-02 -1.156042843487819632e-01 -9.609230728090951967e-03 -1.453835881025638821e-01 -2.193968357778301390e-02 -1.025051299266689780e-01 -1.333423017886450623e-01 1.050686987871973094e-02 2.426780539585763896e-01 5.557459883831227659e-03 -2.019972033210454439e-03 -1.606053130035430346e-18 6.690749791257312451e-02 0.000000000000000000e+00
-6.909626671743433757e-02 3.686750537103886116e-02 4.980791562726503280e-02 -4.598610818475126066e-02 9.010046555262787860e-02 1.403486386923581963e-01 -8.287896111855357073e-02 -9.914300803402312234e-02 -3.666853977531541603e-02 2.046320048614107961e-02 4.716175921544385474e-02 -1.574576449358902064e-01 -1.178013614334816744e-01 -2.269277712143921624e-03 -1.928331082635205678e-03 0.000000000000000000e+00 1.327786510647517397e-02 4.888931301459577966e-02 -4.484282312598904252e-02 6.319805769939747242e-02 2.423240908631112966e-01 -1.064238905607681057e-01 -9.005451650856771684e-02 6.865673881825418157e-02 7.229431622696967652e-02 1.323281923354497833e-03 -1.871212419007161065e-01 -4.436366236020253956e-02 1.480661460625037618e-01 -6.127149897906696008e-02 -6.690749791257311063e-02 -1.516706534677247732e-18 -6.909626671743433757e-02 3.686750537103886116e-02 4.980791562726503280e-02 -4.598610818475126066e-02 9.010046555262787860e-02 1.403486386923581963e-01 -8.287896111855357073e-02 -9.914300803402312234e-02 -3.666853977531541603e-02 2.046320048614107961e-02 4.716175921544385474e-02 -1.574576449358902064e-01 -1.178013614334816744e-01 -2.269277712143921624e-03 -1.928331082635205678e-03 -7.770581653854985449e-01 1.327786510647517397e-02 4.888931301459577966e-02 -4.484282312598904252e-02 6.319805769939747242e-02 2.423240908631112966e-01 -1.064238905607681057e-01 -9.005451650856771684e-02 6.865673881825418157e-02 7.229431622696967652e-02 1.323281923354497833e-03 -1.871212419007161065e-01 -4.436366236020253956e-02 1.480661460625037618e-01 -6.127149897906696008e-02 -6.690749791257311063e-02 -1.516706534677247732e-18 0.000000000000000000e+00
6.475272197674081740e-18 4.196919156930160183e-02 -1.568757724527862236e-03 -1.208713275700109002e-01 -9.593691880858372031e-03 -8.371066082530613517e-02 -3.335874187857533479e-02 9.510300599096488741e-03 1.335037874712477479e-01 3.846450958508143558e-02 -4.710182720921494981e-02 -5.827378118000864360e-02 -5.142017384869136676e-02 -1.150986070293211032e-02 -9.278753606599163956e-03 1.327786510647517397e-02 0.000000000000000000e+00 1.231895660034896221e-02 1.478678097115980750e-01 2.900332486240636901e-02 2.825441397905302868e-02 -6.680884174147029043e-03 -1.550410885273831585e-01 1.306986141664085166e-01 -4.001247826977757938e-02 7.768577022233780216e-02 2.091208775807998008e-02 8.933077936206659797e-02 9.949271875858832492e-02 3.348096262212329338e-02 -3.545459723060192386e-02 -6.909626671743436532e-02 6.475272197674081740e-18 4.196919156930160183e-02 -1.568757724527862236e-03 -1.208713275700109002e-01 -9.593691880858372031e-03 -8.371066082530613517e-02 -3.335874187857533479e-02 9.510300599096488741e-03 1.335037874712477479e-01 3.846450958508143558e-02 -4.710182720921494981e-02 -5.827378118000864360e-02 -5.142017384869136676e-02 -1.150986070293211032e-02 -9.278753606599163956e-03 1.327786510647517397e-02 -3.164642284370041692e-01 1.231895660034896221e-02 1.478678097115980750e-01 2.900332486240636901e-02 2.825441397905302868e-02 -6.680884174147029043e-03 -1.550410885273831585e-01 1.306986141664085166e-01 -4.001247826977757938e-02 7.768577022233780216e-02 2.091208775807998008e-02 8.933077936206659797e-02 9.949271875858832492e-02 3.348096262212329338e-02 -3.545459723060192386e-02 -6.909626671743436532e-02 0.000000000000000000e+00
-4.196919156930160877e-02 -9.153154583440520234e-18 -2.330072319171270778e-01 3.986612914462661639e-02 5.306288837766866967e-02 1.034719656009849414e-01 1.044029507669427953e-01 -2.019653217514308652e-01 3.051871141863338535e-02 5.583294273802228867e-04 3.033524944751789590e-02 3.245203503554804914e-01 -6.817147708395798148e-04 -1.548806566210800088e-02 -6.222894356111086794e-02 4.888931301459577966e-02 1.231895660034896221e-02 0.000000000000000000e+00 3.123548863882970317e-02 9.969792757747797385e-02 -8.382077733730772251e-02 1.773939221104345876e-01 -8.975409263184103148e-02 -4.044156314790735979e-02 4.821656977848295250e-02 -5.439648249065039826e-02 -2.177353956296908949e-02 1.236114817026471857e-01 2.591846959988809707e-02 -2.423595892233458213e-02 4.795405450829688665e-02 3.686750537103888198e-02 -4.196919156930160877e-02 -9.153154583440520234e-18 -2.330072319171270778e-01 3.986612914462661639e-02 5.306288837766866967e-02 1.034719656009849414e-01 1.044029507669427953e-01 -2.019653217514308652e-01 3.051871141863338535e-02 5.583294273802228867e-04 3.033524944751789590e-02 3.245203503554804914e-01 -6.817147708395798148e-04 -1.548806566210800088e-02 -6.222894356111086794e-02 4.888931301459577966e-02 1.231895660034896221e-02 -6.421090660527014604e-01 3.123548863882970317e-02 9.969792757747797385e-02 -8.382077733730772251e-02 1.773939221104345876e-01 -8.975409263184103148e-02 -4.044156314790735979e-02 4.821656977848295250e-02 -5.439648249065039826e-02 -2.177353956296908949e-02 1.236114817026471857e-01 2.591846959988809707e-02 -2.423595892233458213e-02 4.795405450829688665e-02 3.686750537103888198e-02 0.000000000000000000e+00
1.568757724527861802e-03 2.330072319171270501e-01 -1.076394730807127661e-17 1.161463539742445400e-01 6.293884955729954489e-02 -3.810965506707088279e-02 -7.384707358325263982e-02 -3.316000908030244249e-02 -8.343204666973105810e-02 1.632443779907943038e-01 6.972142370424914970e-02 -1.653075287009090066e-01 -1.009919395020835026e-01 1.379673870018011290e-03 -2.835411301076957557e-03 -4.484282312598904252e-02 1.478678097115980750e-01 3.123548863882970317e-02 0.000000000000000000e+00 4.721099164100620027e-02 2.023474653705746307e-01 -7.576751957608961197e-02 1.663601812518855361e-01 -1.762016869529079988e-01 -2.438944586666792064e-02 -4.807394423351055851e-02 4.951810546824649689e-02 1.738924528199162767e-01 -1.491313012636700727e-02 3.101243664191683305e-02 -1.413700456159763252e-01 4.980791562726503974e-02 1.568757724527861802e-03 2.330072319171270501e-01 -1.076394730807127661e-17 1.161463539742445400e-01 6.293884955729954489e-02 -3.810965506707088279e-02 -7.384707358325263982e-02 -3.316000908030244249e-02 -8.343204666973105810e-02 1.632443779907943038e-01 6.972142370424914970e-02 -1.653075287009090066e-01 -1.009919395020835026e-01 1.379673870018011290e-03 -2.835411301076957557e-03 -4.484282312598904252e-02 1.478678097115980750e-01 3.123548863882970317e-02 -6.737707588908432577e-01 4.721099164100620027e-02 2.023474653705746307e-01 -7.576751957608961197e-02 1.663601812518855361e-01 -1.762016869529079988e-01 -2.438944586666792064e-02 -4.807394423351055851e-02 4.951810546824649689e-02 1.738924528199162767e-01 -1.491313012636700727e-02 3.101243664191683305e-02 -1.413700456159763252e-01 4.980791562726503974e-02 0.000000000000000000e+00
1.208713275700108586e-01 -3.986612914462660251e-02 -1.161463539742445122e-01 6.796939679426283078e-18 3.120520096668052967e-02 -5.365343172823509171e-02 9.272603300745707600e-02 -1.207282737753918866e-01 4.687933053967796582e-02 8.886085497368007013e-02 8.439259701643513079e-02 -2.115455566004011828e-02 -7.205983617355804505e-02 8.392472092554821572e-02 -1.672169030110390309e-02 6.319805769939747242e-02 2.900332486240636901e-02 9.969792757747797385e-02 4.721099164100620027e-02 0.000000000000000000e+00 -3.268291930216161989e-02 -1.465164557464302131e-01 -6.011840371269593780e-02 -1.455608925600911374e-01 1.426383193075703715e-01 -1.008546617032247961e-01 -1.205032083812567628e-01 -7.034809975997280418e-02 -4.095538116861812891e-03 5.736187143615964490e-02 4.614217947813510634e-02 -4.598610818475125372e-02 1.208713275700108586e-01 -3.986612914462660251e-02 -1.161463539742445122e-01 6.796939679426283078e-18 3.120520096668052967e-02 -5.365343172823509171e-02 9.272603300745707600e-02 -1.207282737753918866e-01 4.687933053967796582e-02 8.886085497368007013e-02 8.439259701643513079e-02 -2.115455566004011828e-02 -7.205983617355804505e-02 8.392472092554821572e-02 -1.672169030110390309e-02 6.319805769939747242e-02 2.900332486240636901e-02 9.969792757747797385e-02 4.721099164100620027e-02 -5.583849158996412321e-01 -3.268291930216161989e-02 -1.465164557464302131e-01 -6.011840371269593780e-02 -1.455608925600911374e-01 1.426383193075703715e-01 -1.008546617032247961e-01 -1.205032083812567628e-01 -7.034809975997280418e-02 -4.095538116861812891e-03 5.736187143615964490e-02 4.614217947813510634e-02 -4.598610818475125372e-02 0.000000000000000000e+00
9.593691880858356419e-03 -5.306288837766866273e-02 -6.293884955729954489e-02 -3.120520096668054702e-02 1.011413056553619021e-17 -1.593251153336766868e-01 4.411981426123694899e-02 -7.855795278474167476e-02 6.910435347148978383e-05 -2.484052674072437794e-01 -1.136985827923169684e-01 2.974764381471926011e-01 4.639754392213361195e-02 6.299433609466868755e-02 -1.156042843487819632e-01 2.423240908631112966e-01 2.825441397905302868e-02 -8.382077733730772251e-02 2.023474653705746307e-01 -3.268291930216161989e-02 0.000000000000000000e+00 1.270998328168011782e-01 6.590072950989143974e-02 5.058617303321372854e-02 -1.182049180124979983e-02 -5.688490708660407652e-02 6.103924023021768674e-02 -3.236762631996201699e-03 -1.357333699955750317e-01 -4.617131123398752340e-02 2.534429178817161898e-01 9.010046555262787860e-02 9.593691880858356419e-03 -5.306288837766866273e-02 -6.293884955729954489e-02 -3.120520096668054702e-02 1.011413056553619021e-17 -1.593251153336766868e-01 4.411981426123694899e-02 -7.855795278474167476e-02 6.910435347148978383e-05 -2.484052674072437794e-01 -1.136985827923169684e-01 2.974764381471926011e-01 4.639754392213361195e-02 6.299433609466868755e-02 -1.156042843487819632e-01 2.423240908631112966e-01 2.825441397905302868e-02 -8.382077733730772251e-02 2.023474653705746307e-01 -3.268291930216161989e-02 -5.663728837223522827e-01 1.270998328168011782e-01 6.590072950989143974e-02 5.058617303321372854e-02 -1.182049180124979983e-02 -5.688490708660407652e-02 6.103924023021768674e-02 -3.236762631996201699e-03 -1.357333699955750317e-01 -4.617131123398752340e-02 2.534429178817161898e-01 9.010046555262787860e-02 0.000000000000000000e+00
8.371066082530610741e-02 -1.034719656009849553e-01 3.810965506707088973e-02 5.365343172823510559e-02 1.593251153336766313e-01 1.689758183665667491e-17 -7.632436910357270898e-02 -7.181645652931886725e-02 -1.937751361814589110e-02 5.492286651458764407e-03 -3.826866613733430345e-02 1.319261980536173551e-01 6.514477453247566330e-02 5.620983133726863840e-02 -9.609230728090951967e-03 -1.064238905607681057e-01 -6.680884174147029043e-03 1.773939221104345876e-01 -7.576751957608961197e-02 -1.465164557464302131e-01 1.270998328168011782e-01 0.000000000000000000e+00 6.927031277287983013e-02 -1.931583170954853310e-02 4.693909866770346051e-02 -8.615659928710918403e-03 -1.173576195189000443e-01 8.320356482157621747e-02 2.883722943606711886e-01 3.825564983223904425e-02 -9.181801191221444780e-02 1.403486386923582796e-01 8.371066082530610741e-02 -1.034719656009849553e-01 3.810965506707088973e-02 5.365343172823510559e-02 1.593251153336766313e-01 1.689758183665667491e-17 -7.632436910357270898e-02 -7.181645652931886725e-02 -1.937751361814589110e-02 5.492286651458764407e-03 -3.826866613733430345e-02 1.319261980536173551e-01 6.514477453247566330e-02 5.620983133726863840e-02 -9.609230728090951967e-03 -1.064238905607681057e-01 -6.680884174147029043e-03 1.773939221104345876e-01 -7.576751957608961197e-02 -1.465164557464302131e-01 1.270998328168011782e-01 -7.321257886518205416e-01 6.927031277287983013e-02 -1.931583170954853310e-02 4.693909866770346051e-02 -8.615659928710918403e-03 -1.173576195189000443e-01 8.320356482157621747e-02 2.883722943606711886e-01 3.825564983223904425e-02 -9.181801191221444780e-02 1.403486386923582796e-01 0.000000000000000000e+00
3.335874187857531398e-02 -1.044029507669428092e-01 7.384707358325259818e-02 -9.272603300745711763e-02 -4.411981426123694205e-02 7.632436910357268123e-02 1.648233618419131906e-17 -5.264982203083892059e-02 5.567860937367725971e-02 -1.558731075649348319e-01 -2.584145491365272621e-02 -1.204936431723099832e-01 3.457103549684063110e-02 -1.381025559892535004e-01 -1.453835881025638821e-01 -9.005451650856771684e-02 -1.550410885273831585e-01 -8.975409263184103148e-02 1.663601812518855361e-01 -6.011840371269593780e-02 6.590072950989143974e-02 6.927031277287983013e-02 0.000000000000000000e+00 5.313643538282144391e-02 3.648344602443134160e-02 -6.022187422977594989e-02 -2.782012494148740703e-02 -1.326636248231681248e-01 6.800048995988428047e-02 3.405297172124278904e-02 8.492220215155944774e-02 -8.287896111855355685e-02 3.335874187857531398e-02 -1.044029507669428092e-01 7.384707358325259818e-02 -9.272603300745711763e-02 -4.411981426123694205e-02 7.632436910357268123e-02 1.648233618419131906e-17 -5.264982203083892059e-02 5.567860937367725971e-02 -1.558731075649348319e-01 -2.584145491365272621e-02 -1.204936431723099832e-01 3.457103549684063110e-02 -1.381025559892535004e-01 -1.453835881025638821e-01 -9.005451650856771684e-02 -1.550410885273831585e-01 -8.975409263184103148e-02 1.663601812518855361e-01 -6.011840371269593780e-02 6.590072950989143974e-02 6.927031277287983013e-02 -6.540253121445575024e-01 5.313643538282144391e-02 3.648344602443134160e-02 -6.022187422977594989e-02 -2.782012494148740703e-02 -1.326636248231681248e-01 6.800048995988428047e-02 3.405297172124278904e-02 8.492220215155944774e-02 -8.287896111855355685e-02 0.000000000000000000e+00
-9.510300599096488741e-03 2.019653217514309207e-01 3.316000908030244249e-02 1.207282737753918589e-01 7.855795278474171639e-02 7.181645652931886725e-02 5.264982203083891366e-02 2.001852855860706219e-18 -7.432643652786151411e-02 6.070290658484486096e-02 1.043857682997106628e-01 7.505417515610365506e-03 6.966123854164896212e-02 2.299057425295599963e-02 -2.193968357778301390e-02 6.865673881825418157e-02 1.306986141664085166e-01 -4.044156314790735979e-02 -1.762016869529079988e-01 -1.455608925600911374e-01 5.058617303321372854e-02 -1.931583170954853310e-02 5.313643538282144391e-02 0.000000000000000000e+00 -6.051890105638176899e-03 -8.418839178033704629e-02 -1.014825626888108193e-02 1.911149631105368563e-01 -2.983916685990439452e-02 2.058109891118374557e-01 8.107964536767891042e-03 -9.914300803402309459e-02 -9.510300599096488741e-03 2.019653217514309207e-01 3.316000908030244249e-02 1.207282737753918589e-01 7.855795278474171639e-02 7.181645652931886725e-02 5.264982203083891366e-02 2.001852855860706219e-18 -7.432643652786151411e-02 6.070290658484486096e-02 1.043857682997106628e-01 7.505417515610365506e-03 6.966123854164896212e-02 2.299057425295599963e-02 -2.193968357778301390e-02 6.865673881825418157e-02 1.306986141664085166e-01 -4.044156314790735979e-02 -1.762016869529079988e-01 -1.455608925600911374e-01 5.058617303321372854e-02 -1.931583170954853310e-02 5.313643538282144391e-02 -4.388105356925894873e-01 -6.051890105638176899e-03 -8.418839178033704629e-02 -1.014825626888108193e-02 1.911149631105368563e-01 -2.983916685990439452e-02 2.058109891118374557e-01 8.107964536767891042e-03 -9.914300803402309459e-02 0.000000000000000000e+00
